-4.27
0.46
2.11
3.03
10.46
11.02
10.13
8.94
2.84
2.98
0.19
-2.68
-2.80
-0.16
-1.32
-0.49
-3.41
-5.10
-8.38
-7.39
-9.82
-6.62
-6.34
-1.46
4.42
7.81
8.08
9.46
5.39
5.29
0.92
3.28
0.65
3.78
2.16
4.64
4.55
2.38
-5.28
-7.00
-7.96
-8.81
-7.25
-4.02
-3.74
-1.18
3.36
1.92
1.63
4.67
1.31
3.61
3.94
5.02
6.81
8.59
8.65
5.96
4.64
-0.13
-5.11
-6.86
-9.87
-7.45
-5.61
-3.25
-3.02
-1.39
1.35
0.28
-1.00
-3.87
-3.44
0.02
6.27
9.58
7.63
10.99
7.70
4.36
2.36
-0.61
-1.79
-4.96
-2.74
-1.46
-4.07
-1.91
-1.62
-3.64
-4.60
-6.82
-5.56
-5.10
0.22
3.47
5.95
6.95
9.25
7.25
4.33
0.79
-0.32
0.82
1.17
2.20
2.79
1.56
-2.35
-1.18
-3.44
-6.63
-11.48
-11.55
-5.33
-2.04
2.23
3.81
6.51
7.19
2.75
4.73
0.19
1.47
1.51
4.69
2.89
6.31
3.97
2.44
-0.09
-4.76
-5.83
-8.13
-10.96
-8.14
-3.45
-4.17
-1.24
2.31
-0.22
-0.63
-0.81
-2.30
-1.26
2.23
7.92
10.22
8.91
10.11
5.69
1.29
-3.47
-5.39
-9.26
-5.59
-7.18
-2.49
-3.81
0.37
-0.57
-3.78
-4.35
-3.49
-3.32
0.37
0.40
6.46
7.43
10.67
7.05
6.44
3.63
2.93
-3.63
-2.10
-3.60
-3.63
-1.83
-3.22
-1.36
-4.31
-5.60
-9.78
-10.84
-6.52
-4.53
-0.67
1.98
7.80
8.67
5.63
4.17
3.35
3.88
3.26
3.98
3.96
4.83
4.17
2.92
-0.14
-6.24
-8.40
-9.47
-11.97
-9.57
-4.65
-0.19
-0.35
5.25
1.32
3.06
3.42
0.94
3.48
3.18
2.91
6.96
8.11
8.65
4.23
3.22
-1.64
-5.10
-6.40
-7.68
-6.44
-6.42
-1.93
-0.05
-0.11
-0.04
-0.42
-4.41
-4.11
-0.08
2.70
4.49
9.51
9.98
11.39
6.54
2.24
1.50
-1.62
-2.60
-6.75
-5.12
-4.00
-2.27
0.32
-4.27
-4.49
-5.65
-8.12
-6.12
-6.23
0.11
4.68
8.73
9.86
11.14
8.36
4.55
2.65
-1.89
-0.57
-1.59
-0.05
2.22
3.39
1.03
-0.93
-8.18
-7.71
-8.63
-6.95
-7.60
-3.44
2.29
2.57
5.01
6.18
6.04
3.65
3.69
2.23
5.16
6.36
7.19
6.67
4.80
0.08
0.84
-3.93
-10.31
-11.14
-7.32
-5.12
-6.37
-2.17
0.79
0.35
1.80
1.49
1.17
1.70
3.82
5.55
9.06
7.04
11.61
7.55
3.99
3.11
-4.34
-3.13
-6.16
-7.34
-2.85
-4.77
-4.68
-1.14
-0.68
-1.32
-4.25
-3.57
-4.56
-1.91
2.35
7.51
7.09
10.84
8.59
7.88
2.58
1.50
-2.28
-0.16
-2.11
-1.84
-1.87
0.59
-4.27
-4.71
-6.11
-7.20
-10.34
-8.96
-2.89
1.51
1.83
4.64
7.21
6.27
5.33
2.25
2.97
1.21
3.75
2.42
5.09
2.94
3.49
1.20
-2.93
-8.29
-9.37
-9.57
-8.83
-3.47
-3.27
-0.10
2.74
3.79
4.03
0.26
1.23
1.25
0.75
5.78
5.02
7.20
8.46
5.06
2.53
-1.49
-5.30
-8.47
-10.18
-6.76
-7.59
-2.98
0.45
1.61
-0.90
-2.84
-4.61
-0.71
1.97
4.23
6.87
9.44
10.94
10.26
8.96
3.78
0.04
-3.75
-5.77
-4.21
-5.24
-2.79
-0.60
-3.64
-5.03
-2.98
-7.90
-8.93
-7.02
-3.27
1.80
5.69
5.46
8.86
10.53
8.48
4.00
3.55
2.01
1.22
1.70
1.58
-0.76
-0.95
-0.90
-2.89
-4.46
-7.63
-9.62
-10.88
-8.20
-2.85
2.16
5.37
8.21
7.01
4.30
4.11
3.38
1.74
2.34
4.09
6.18
6.24
6.59
1.79
-1.60
-5.29
-9.90
-7.64
-8.50
-9.17
-4.09
0.80
0.22
-0.58
1.90
1.21
-2.60
-1.01
0.23
4.97
6.99
7.59
6.89
6.19
3.81
1.48
-4.55
-5.43
-6.08
-4.73
-5.50
-3.34
-2.46
-2.90
-3.56
-2.00
-5.23
-4.04
-1.80
1.76
5.62
9.23
9.47
11.40
7.77
3.79
1.89
-1.67
-0.89
-0.31
-4.09
-1.82
0.23
-3.19
-5.00
-4.54
-7.23
-8.90
-9.31
-7.09
-1.06
-1.29
6.35
8.84
6.76
6.09
5.79
0.84
0.46
1.31
1.69
3.58
3.39
1.02
-0.71
0.09
-7.19
-6.23
-11.15
-12.12
-8.18
-4.45
-3.06
3.23
1.99
2.07
5.12
-0.53
3.83
1.11
4.38
7.13
8.00
9.89
8.34
3.22
-0.60
-1.00
-6.74
-7.58
-8.47
-8.72
-4.79
-1.94
0.33
-0.04
-2.50
-2.60
-4.07
-1.09
1.87
4.01
7.07
10.21
10.10
10.12
6.08
2.11
1.56
-3.90
-4.57
-3.13
-1.46
-3.27
-3.68
0.37
-5.01
-7.52
-8.36
-8.70
-5.81
-3.42
-1.20
2.64
10.10
7.25
9.30
9.03
4.79
0.54
2.59
-1.89
1.12
1.45
-0.77
-0.48
0.03
-2.53
-5.64
-9.44
-8.31
-10.15
-4.19
0.58
2.60
2.22
6.66
3.72
5.91
2.03
0.76
0.28
5.44
3.66
6.00
3.61
5.03
3.52
-1.86
-8.07
-6.38
-11.01
-10.39
-6.77
-2.24
-0.93
-0.96
1.02
0.81
-1.74
0.52
-1.17
1.23
5.13
7.01
10.97
9.82
5.93
2.62
0.02
-5.37
-4.49
-6.60
-4.95
-6.33
-3.75
-0.39
-2.89
-4.72
-3.47
-4.45
-5.76
-3.05
-0.56
6.48
8.99
11.54
11.73
8.07
6.52
3.80
1.49
-0.30
-2.52
0.43
-1.26
-1.74
-0.58
-3.96
-4.60
-7.83
-6.96
-7.93
-3.69
-3.31
4.15
7.15
9.12
7.71
6.50
5.90
1.70
0.14
0.26
1.26
3.88
2.41
1.83
3.21
-4.04
-4.19
-8.66
-12.14
-10.03
-6.49
-3.32
1.70
0.91
1.40
1.61
0.61
3.98
0.28
0.03
5.85
6.11
7.29
7.67
9.18
2.41
0.88
-3.36
-6.13
-7.16
-9.23
-9.02
-5.41
-2.08
-2.06
1.65
-2.71
-0.13
-1.69
-0.14
1.65
1.31
8.78
8.83
9.56
7.52
7.08
0.71
0.22
-1.03
-5.27
-2.79
-4.23
-1.79
-2.01
-0.05
-2.56
-3.76
-5.33
-9.30
-4.17
-2.30
2.61
4.59
7.15
9.00
10.75
7.22
1.62
3.30
2.06
2.14
2.04
1.65
-1.09
-1.96
-3.63
-6.71
-5.68
-9.99
-10.44
-6.15
-2.91
1.08
1.74
3.85
5.29
7.87
4.69
3.07
0.20
3.31
4.86
6.02
4.98
7.68
4.18
-1.65
-2.45
-7.37
-9.21
-11.40
-9.77
-3.61
-3.19
0.77
2.49
3.10
1.04
-1.39
-0.42
0.61
1.38
6.55
7.47
9.63
7.96
7.07
3.18
-2.90
-4.40
-7.71
-7.68
-4.23
-5.81
-4.70
0.34
-3.29
-2.82
-6.60
-5.96
-3.83
-3.54
1.22
4.05
8.69
12.13
9.10
8.78
7.18
0.36
1.08
-2.32
-4.50
-3.52
-3.27
-1.95
-1.19
-3.37
-7.48
-9.92
-8.33
-8.69
-3.53
-0.93
0.87
4.99
5.97
7.96
8.36
1.96
1.90
0.64
0.12
4.73
3.66
2.05
5.24
-0.76
-1.56
-5.04
-7.82
-11.15
-7.76
-5.25
-3.34
1.71
0.65
6.03
5.46
4.34
0.84
1.16
3.54
4.16
6.27
8.30
8.85
5.03
6.07
-2.40
-5.57
-9.52
-10.27
-6.84
-6.17
-6.31
-2.76
-1.13
-0.13
-3.44
-0.32
-3.55
0.02
1.19
3.36
6.89
8.10
10.90
10.36
7.97
0.04
-3.26
-5.87
-7.33
-2.26
-1.61
-0.85
-0.51
-0.35
-3.28
-6.55
-6.83
-6.47
-2.85
-1.23
0.09
4.62
8.88
10.08
6.01
4.91
5.63
0.62
-0.09
-0.23
2.62
2.44
0.73
0.07
-4.25
-2.94
-5.83
-11.71
-7.59
-9.91
-6.44
-2.21
0.92
7.35
6.89
6.21
2.47
2.89
3.68
0.40
2.90
3.54
5.45
5.41
3.80
-2.36
-1.81
-7.29
-10.23
-8.19
-6.06
-6.17
-0.94
0.42
1.72
0.38
1.51
-1.21
-2.17
-1.24
2.59
5.48
6.05
8.79
8.48
7.00
3.98
-2.31
-5.29
-5.09
-8.74
-3.56
-5.90
-3.19
-3.21
-1.04
-2.31
-4.62
-2.89
-3.00
-4.21
2.69
5.50
7.42
9.66
8.65
5.87
6.37
1.96
-2.92
-2.47
-0.29
0.30
-1.79
-0.61
-0.89
-3.75
-4.83
-6.30
-8.91
-8.72
-3.51
-1.10
1.45
6.34
9.91
8.60
8.05
3.63
3.67
-0.96
0.88
1.06
1.67
1.57
4.39
-2.21
-5.46
-7.86
-10.65
-11.16
-7.52
-7.00
-2.22
-1.62
0.85
5.16
4.54
4.51
0.02
0.40
0.92
5.82
7.59
9.76
8.64
8.49
4.16
-1.11
-5.72
-9.81
-9.18
-9.16
-5.13
-4.72
-3.89
-0.02
0.24
-2.72
-3.00
-0.66
-3.48
-0.63
5.24
8.64
11.34
11.51
6.94
4.96
0.64
-0.48
-6.19
-7.06
-6.17
-1.35
0.21
-0.92
-3.57
-5.75
-4.57
-6.01
-5.54
-3.96
-1.93
3.33
8.25
10.86
10.06
10.06
3.71
4.90
2.11
-1.65
-1.17
-1.25
0.59
3.45
-0.30
-2.64
-5.49
-5.62
-11.57
-9.78
-6.26
-3.37
-1.83
5.18
7.87
7.88
6.57
2.19
1.08
-0.21
1.23
1.50
5.08
4.36
3.07
1.19
-1.39
-6.33
-6.75
-10.68
-11.05
-7.72
-4.34
-2.35
0.90
3.78
2.43
-0.99
-0.51
-2.61
1.63
2.93
5.71
9.88
8.97
6.28
4.12
3.24
-0.46
-5.90
-6.88
-5.13
-6.04
-2.27
-4.77
0.64
-3.73
-5.24
-4.50
-2.53
-4.26
-1.02
1.23
7.83
9.15
9.71
8.76
6.42
3.87
-1.19
-2.32
-4.56
-3.33
-0.51
1.24
-1.81
-0.08
-3.30
-6.22
-8.33
-6.87
-8.95
-1.80
1.14
2.21
6.27
6.04
5.90
4.46
3.49
4.01
2.69
2.93
4.11
3.62
4.61
3.70
2.08
-2.45
-8.77
-7.43
-7.69
-11.04
-4.13
-2.39
0.26
4.49
1.49
3.46
1.94
2.79
0.69
2.11
4.51
5.90
6.15
10.05
3.67
2.46
0.54
-3.09
-5.87
-9.77
-8.70
-5.58
-2.38
-0.17
-2.36
-0.70
0.47
-0.55
-0.61
-1.27
0.74
2.80
5.45
10.02
7.34
5.85
5.48
3.13
-4.59
-6.10
-4.12
-2.30
-2.51
-1.84
0.03
-2.80
-3.49
-6.30
-7.71
-8.61
-3.88
0.02
5.48
9.11
10.32
10.13
8.14
3.83
3.49
-0.84
0.10
-1.94
0.91
2.04
-0.31
0.13
-4.00
-4.50
-9.81
-11.98
-7.00
-5.89
-2.03
0.79
5.45
4.99
4.59
6.98
1.01
-0.08
2.97
1.25
5.75
3.53
6.00
6.16
2.12
-0.36
-5.76
-10.27
-8.30
-10.41
-4.98
-5.28
-0.24
0.81
-0.17
2.04
-1.35
-2.50
-0.72
-0.24
2.60
8.74
10.61
9.21
9.98
2.78
-0.37
-0.95
-5.06
-5.00
-8.29
-3.33
-4.42
0.10
-2.13
-0.55
-2.70
-4.39
-3.46
-5.25
1.69
3.97
4.66
10.57
11.99
8.23
7.56
4.91
2.78
-2.75
-3.80
-4.17
-3.48
-1.67
-0.34
-0.18
-2.98
-5.63
-10.78
-10.26
-5.91
-4.47
-1.65
4.74
4.59
8.69
8.01
7.21
3.11
-0.46
0.26
2.14
3.15
3.61
5.36
3.46
0.16
-5.96
-7.28
-7.65
-10.71
-10.71
-5.04
0.52
-0.86
3.88
2.43
4.48
3.71
3.73
3.10
1.90
4.33
6.02
8.94
8.26
3.67
3.29
-1.63
-5.78
-8.87
-9.36
-8.37
-6.61
-1.20
-1.09
-1.61
0.61
-1.61
-1.10
-2.19
0.32
-0.04
7.55
8.74
9.38
11.61
7.96
2.84
2.53
-2.72
-5.52
-2.33
-5.86
-2.00
-1.27
-2.37
-3.91
-6.16
-8.32
-7.92
-8.04
-1.97
-0.36
3.16
4.84
9.35
6.65
5.91
6.88
3.65
1.42
-0.54
2.11
-0.20
2.90
-1.33
-1.52
-1.62
-6.74
-10.63
-11.07
-7.91
-6.31
-1.90
2.72
2.11
5.44
5.99
5.86
5.43
2.13
0.91
2.30
2.68
7.53
7.69
5.61
2.88
-2.68
-3.61
-8.51
-10.01
-11.26
-8.02
-5.48
-1.37
1.52
-0.05
-0.84
2.68
2.18
-0.61
1.00
4.10
6.37
7.36
11.06
5.57
5.69
0.65
-0.72
-6.15
-9.26
-6.33
-5.90
-4.37
-0.02
-2.43
-0.68
-4.04
-3.04
-6.58
-4.16
-1.37
3.81
8.66
6.91
8.72
9.36
8.20
3.25
-1.27
0.10
-2.55
0.11
-2.27
-2.50
0.80
-2.91
-2.91
-9.29
-7.70
-6.00
-3.91
-0.74
2.14
4.75
4.83
7.64
6.98
3.59
2.74
0.56
0.23
2.52
5.36
4.99
1.73
3.43
-0.31
-7.15
-7.67
-7.75
-10.64
-8.51
-6.71
-1.41
2.96
5.18
2.12
4.80
1.98
2.70
1.89
3.70
3.99
7.53
9.98
8.64
7.15
-1.10
-1.50
-8.40
-8.79
-9.17
-8.58
-7.27
-0.75
-0.30
-2.21
1.35
-4.46
-3.59
0.18
0.60
3.36
5.04
10.51
9.78
11.50
4.49
2.53
2.21
-2.15
-3.48
-4.24
-2.72
-4.16
-1.56
-0.56
-3.40
-5.46
-4.58
-5.32
-3.74
-3.23
-1.41
3.84
8.04
7.49
6.46
8.93
5.25
3.17
-2.12
-0.13
2.06
0.63
0.04
0.06
-2.53
-1.36
-9.01
-6.94
-12.06
-10.93
-5.43
-2.44
4.12
6.70
5.83
5.88
3.32
3.02
3.84
1.28
0.76
2.45
6.05
6.55
5.39
2.91
-3.45
-6.88
-10.95
-8.28
-11.07
-7.56
-1.15
0.35
-0.02
0.09
3.00
-0.11
0.63
-1.26
2.72
6.21
6.91
8.64
11.11
9.45
2.75
1.85
-4.57
-7.80
-7.20
-4.11
-4.46
-1.57
-4.44
-1.72
-4.03
-4.04
-4.96
-4.14
-4.50
-1.46
2.52
7.99
10.62
8.98
7.96
4.20
3.68
-2.21
-0.88
-0.63
-0.26
-2.54
-1.70
-2.03
-4.93
-2.89
-5.88
-6.29
-10.34
-8.18
-0.46
1.26
6.03
8.10
9.71
4.51
4.54
4.15
0.70
2.53
4.35
2.09
4.44
3.80
0.76
-0.22
-7.50
-10.51
-8.27
-11.34
-8.82
-5.55
-2.88
-0.13
4.22
4.66
4.89
-0.33
0.60
2.61
3.29
6.19
9.48
7.75
6.08
5.94
1.69
-2.45
-4.47
-6.49
-9.93
-4.85
-5.62
-0.56
-0.60
0.78
-0.70
-1.84
-3.04
-1.91
-2.19
4.82
5.52
7.05
8.83
7.34
7.61
1.29
0.09
-3.27
-6.31
-6.01
-1.59
-3.76
-3.40
-0.18
-3.67
-3.57
-7.72
-6.62
-3.95
-0.32
-0.64
3.95
10.15
10.72
8.01
5.05
3.39
2.48
-1.23
-1.27
-1.01
2.66
0.24
2.08
-0.77
-2.41
-7.81
-9.52
-9.24
-5.81
-3.61
-1.04
0.27
6.57
6.99
5.61
6.28
2.74
1.74
0.80
3.42
6.43
7.34
3.31
4.33
0.21
-2.34
-6.84
-10.55
-11.42
-10.56
-6.76
-4.21
-2.66
1.44
-0.36
2.44
-0.12
-2.25
-1.05
3.81
3.75
9.07
11.34
7.09
5.63
2.61
-2.27
-4.69
-4.71
-8.30
-4.71
-2.48
-4.84
-1.63
-2.55
-1.57
-6.31
-7.28
-3.46
-0.69
1.41
2.20
7.57
10.89
10.98
9.68
5.40
4.06
-3.31
-4.35
-4.15
-2.89
-0.98
1.70
-2.13
-2.56
-7.66
-7.66
-7.79
-7.97
-6.91
0.06
4.56
4.57
6.26
7.27
7.11
2.15
3.60
1.04
1.74
2.78
3.76
5.66
3.17
-0.19
-2.84
-4.10
-6.27
-10.15
-10.63
-8.85
-5.54
-2.64
0.66
2.39
2.04
2.84
2.85
0.59
4.43
5.10
4.50
8.22
9.80
5.78
3.41
2.37
-6.50
-5.96
-9.39
-6.64
-7.67
-5.98
-2.76
-2.85
-0.67
-1.88
-0.84
-2.34
0.04
-0.58
5.27
8.28
11.41
11.99
6.34
7.28
1.89
-2.83
-4.65
-4.19
-6.97
-2.34
-0.32
-3.44
-3.22
-5.60
-4.84
-6.12
-4.98
-6.88
-2.91
1.48
5.91
8.37
11.46
9.62
5.22
3.32
3.41
2.30
-2.24
1.08
-1.05
-0.65
-0.31
-1.19
-7.22
-6.40
-9.27
-10.24
-6.18
-3.09
0.63
3.64
4.33
3.74
5.43
2.48
3.35
0.94
2.52
3.69
4.14
6.13
6.35
2.09
-1.22
-3.02
-4.92
-7.81
-11.01
-8.50
-6.42
-3.63
-1.97
3.34
0.37
2.45
-0.47
0.17
0.94
1.48
7.62
9.87
7.60
10.39
4.04
0.94
-2.50
-4.94
-4.17
-6.50
-6.48
-2.10
-4.00
-0.99
-2.61
-5.16
-3.16
-6.90
-4.77
-1.60
-0.05
4.03
8.33
8.86
11.90
8.57
5.26
-0.38
0.55
-0.61
-4.89
-2.24
-2.58
0.26
-2.44
-3.89
-4.77
-8.68
-7.24
-9.67
-2.63
0.41
4.70
5.56
6.57
7.45
4.08
4.01
4.54
0.24
2.51
4.60
5.06
1.70
1.77
-0.94
-3.94
-6.22
-9.93
-7.53
-11.21
-7.65
-5.60
1.67
4.01
4.10
2.39
2.66
1.66
3.28
-0.21
6.17
6.97
9.38
7.18
8.10
5.35
0.30
-4.38
-9.89
-6.22
-6.34
-3.88
-1.75
-2.98
-0.24
0.63
0.86
-1.83
-4.04
-2.52
2.29
3.16
8.69
8.02
11.90
10.38
6.04
-0.31
-3.83
-3.23
-2.39
-5.40
-5.36
-4.37
-2.42
-2.85
-5.81
-3.48
-7.58
-8.18
-3.16
0.14
1.06
5.04
8.18
11.47
8.79
6.13
4.90
-0.75
-2.34
-0.28
1.47
3.00
0.30
1.17
-2.40
-6.08
-7.84
-7.50
-7.00
-5.89
-5.63
0.30
1.09
6.67
6.45
5.31
6.21
2.07
2.15
4.65
3.29
3.70
5.47
6.75
2.18
0.47
-5.41
-5.68
-8.84
-11.76
-8.90
-2.55
-4.57
-0.04
-0.65
-0.08
1.64
0.90
0.54
2.83
5.70
7.26
10.50
7.93
9.89
4.41
1.81
-3.32
-7.32
-6.08
-6.90
-7.22
-3.23
-1.89
-3.73
-1.40
-4.20
-4.99
-4.21
-4.59
-2.15
-0.20
5.81
10.34
11.41
7.25
7.22
6.28
-0.30
-1.64
-0.03
-4.11
0.17
0.57
-2.47
-2.92
-3.32
-5.64
-8.65
-6.25
-5.84
-5.92
0.35
5.88
8.42
7.28
8.55
3.95
1.91
2.02
-0.67
0.59
3.41
5.26
2.22
0.67
-2.21
-1.09
-9.21
-8.60
-11.90
-7.57
-7.31
-0.27
-1.35
1.50
4.64
2.02
1.45
-0.61
2.72
2.40
5.52
8.78
8.25
9.10
7.75
3.20
-2.95
-5.91
-9.16
-8.79
-9.62
-6.19
-3.66
0.02
-1.21
1.58
-0.48
-1.54
-3.30
-0.82
2.57
5.08
9.21
10.19
8.89
9.97
5.35
-0.97
-4.63
-5.23
-5.58
-4.95
-4.35
-3.52
-3.88
-1.86
-3.29
-7.81
-8.42
-5.73
-6.28
-2.10
2.74
4.42
6.80
7.29
9.04
5.44
3.20
3.09
-1.91
-0.20
2.46
2.05
1.43
-1.15
-0.73
-4.43
-10.09
-10.08
-10.36
-4.83
-2.06
-0.61
4.07
4.62
3.46
3.47
5.70
2.89
-0.08
1.63
2.24
7.70
7.16
2.66
1.95
0.42
-4.01
-5.82
-10.16
-6.82
-6.99
-3.11
-0.10
0.61
-0.06
0.74
-1.37
-2.18
0.90
0.34
1.28
4.93
6.48
11.17
10.01
2.89
1.04
-2.49
-5.38
-7.09
-5.28
-4.92
-3.26
-4.68
-3.96
-1.47
-3.96
-4.70
-6.72
-4.12
-0.02
0.48
7.04
8.09
8.53
9.31
4.52
2.18
-0.56
-1.57
-1.15
-2.79
-0.46
-1.30
-2.06
0.11
-5.56
-7.57
-8.56
-10.50
-5.82
-1.97
2.54
6.30
7.46
6.19
7.46
7.74
5.18
3.37
2.86
0.18
0.62
5.55
4.60
2.26
-2.45
-2.65
-9.45
-11.18
-9.99
-6.75
-7.54
-0.46
-1.42
2.16
4.91
1.84
3.16
1.73
1.76
1.58
3.99
8.25
9.73
8.60
4.87
1.39
-2.56
-7.23
-7.61
-6.18
-9.85
-5.16
-0.78
-1.97
-2.31
-1.99
-4.29
-4.40
-0.46
-0.23
3.26
3.82
8.37
8.85
8.07
8.72
5.11
0.42
-4.73
-5.52
-6.42
-3.21
-2.32
-3.85
-1.88
-3.74
-3.02
-4.09
-9.01
-6.68
-6.04
-1.84
5.31
8.65
9.98
10.22
8.00
2.88
3.35
-1.00
0.54
2.26
-1.60
-1.03
-1.08
-2.77
-1.54
-8.21
-6.71
-9.54
-10.42
-7.00
-4.88
1.36
1.70
4.77
5.52
3.54
5.00
1.59
0.61
0.73
2.03
4.17
7.18
3.72
2.36
-1.57
-3.80
-6.18
-9.61
-9.05
-7.23
-3.00
-2.97
3.08
3.38
2.70
2.32
0.59
1.75
0.27
5.36
8.93
11.17
9.86
8.01
5.81
3.02
-0.66
-6.94
-6.70
-6.63
-6.71
-2.19
-0.81
-3.52
-3.23
-2.93
-5.09
-3.85
-4.25
-2.62
1.79
8.14
8.55
12.06
6.62
5.24
4.92
1.73
-1.88
-1.86
-2.37
-1.92
-1.08
1.34
-3.74
-4.30
-7.41
-6.65
-6.30
-5.25
-2.87
2.57
3.68
8.42
6.70
4.60
4.83
1.23
2.20
0.11
0.84
2.79
2.93
5.44
1.58
1.33
-4.43
-6.28
-11.85
-10.17
-8.50
-7.10
-3.50
1.63
3.31
1.92
1.54
4.18
0.68
3.34
4.04
7.28
8.40
6.90
7.51
3.16
3.49
-0.81
-4.26
-6.58
-9.49
-5.90
-5.23
-4.15
-0.17
0.49
-0.83
0.14
-0.38
-4.56
0.70
4.44
3.36
9.12
8.17
10.42
5.61
5.16
1.62
-1.71
-6.17
-6.97
-1.87
-3.16
0.46
-3.95
-3.27
-6.09
-5.24
-9.30
-7.40
-2.18
-0.92
4.93
9.75
7.61
10.42
8.48
3.05
0.41
-1.96
0.71
0.93
2.54
2.26
-0.07
-0.61
-5.18
-5.33
-9.39
-12.00
-7.73
-6.44
-2.37
-0.21
4.62
3.47
6.41
3.37
5.44
2.04
1.64
5.03
4.86
4.47
4.87
3.93
2.67
-4.43
-6.95
-10.71
-11.21
-11.18
-4.78
-4.29
-2.00
1.23
3.60
0.14
-1.14
0.86
0.55
0.61
5.37
5.34
8.81
11.49
8.14
2.70
-0.25
-3.07
-6.04
-5.89
-6.12
-5.18
-5.51
-1.76
-1.68
-5.22
-3.99
-4.58
-6.47
-1.36
-1.42
2.41
7.49
10.60
10.78
9.21
7.61
2.51
2.08
0.08
-4.88
-2.77
-2.79
-0.59
-1.66
-4.46
-7.53
-9.76
-10.78
-7.74
-6.29
-1.17
2.70
4.68
8.48
8.43
5.22
4.70
3.51
0.11
2.83
-0.10
2.61
2.70
1.09
0.16
0.26
-4.43
-9.62
-11.57
-9.75
-7.73
-3.24
0.82
4.16
2.38
1.39
2.30
3.32
0.24
1.66
1.08
7.29
8.48
9.50
6.61
2.80
-0.83
-4.78
-9.03
-7.82
-7.46
-7.10
-4.24
-0.31
-2.46
0.95
0.96
-3.95
-4.67
-1.15
-0.61
3.87
7.67
10.35
11.52
8.20
4.39
5.14
-1.38
-5.82
-6.87
-4.07
-4.95
-3.62
-1.24
-2.80
-5.70
-3.96
-7.62
-5.51
-5.90
-3.16
1.13
7.44
5.89
10.48
7.00
6.03
3.02
-0.56
-1.35
-0.05
-0.95
0.54
1.21
0.19
-0.19
-2.49
-8.69
-10.76
-8.07
-7.54
-3.89
-0.52
4.57
4.62
3.46
5.98
6.57
4.26
0.82
0.81
1.04
4.03
7.83
7.57
3.59
2.65
-1.84
-6.69
-9.41
-8.38
-10.31
-3.81
-5.54
-0.76
1.13
3.78
1.69
0.30
1.16
1.18
2.82
5.20
5.06
11.25
9.13
7.97
3.06
-1.32
-2.37
-6.38
-6.21
-3.77
-3.79
-4.67
0.04
-3.32
-3.88
-1.84
-4.47
-2.17
-0.75
1.45
5.50
7.92
11.22
9.74
6.38
2.95
0.73
1.39
-0.66
-1.07
-1.83
-0.96
0.50
0.47
-1.53
-4.69
-10.06
-10.83
-8.85
-3.22
-2.58
3.26
6.35
9.88
6.87
8.50
5.28
4.50
3.43
3.45
3.50
3.92
4.11
3.92
2.93
-4.13
-3.64
-9.35
-9.40
-8.00
-4.84
-2.71
-1.00
0.63
1.72
1.51
1.32
1.39
3.34
4.50
2.20
4.53
7.53
6.38
8.97
3.25
1.42
-4.93
-8.09
-10.09
-6.01
-6.57
-2.84
0.29
-2.68
-1.49
-1.32
-0.73
-2.15
-0.64
-0.02
3.07
8.01
8.16
8.32
7.32
7.17
1.77
-0.42
-3.81
-3.02
-2.23
-4.56
-3.11
-1.20
-2.93
-1.40
-6.52
-6.17
-6.49
-7.10
-2.41
1.37
3.61
6.36
8.60
8.87
4.71
5.79
3.42
-1.51
-2.01
1.91
0.72
0.82
2.44
-0.45
-7.03
-8.72
-8.66
-9.36
-6.92
-4.72
-1.06
1.88
2.77
5.16
4.59
4.83
0.71
-0.37
2.19
1.63
3.09
4.51
4.32
3.69
2.47
-1.33
-6.80
-9.18
-8.10
-9.79
-3.83
-2.28
1.80
3.56
2.14
-1.38
-2.31
1.23
3.14
4.73
4.68
6.09
9.53
7.11
4.40
3.90
-1.83
-4.29
-6.08
-4.78
-6.30
-5.75
-2.57
-1.76
-1.73
-4.74
-6.39
-2.91
-5.05
-1.87
1.84
3.18
6.40
12.08
8.74
6.79
3.72
-0.30
-0.53
-1.52
-1.62
-2.99
-2.45
1.80
-3.37
-2.56
-7.72
-5.74
-7.32
-7.30
-3.08
-3.46
3.03
5.53
9.90
9.25
8.27
6.28
3.88
-0.83
0.11
2.07
3.31
6.19
3.02
1.77
-2.34
-8.51
-10.01
-7.72
-7.28
-6.71
-5.54
0.56
1.36
5.97
4.05
3.93
2.96
2.06
0.69
3.31
6.52
9.54
8.10
7.64
3.55
1.20
-5.91
-9.75
-9.37
-7.08
-6.41
-3.36
-2.20
1.54
0.04
-2.59
-0.01
-2.28
-0.75
1.19
1.63
5.71
10.65
10.37
6.70
6.88
-0.25
-2.37
-4.22
-4.10
-5.14
-5.70
-1.02
-0.51
-0.67
-5.00
-6.34
-5.96
-5.94
-5.56
-1.80
4.68
3.63
8.46
8.56
8.18
4.83
2.66
-0.79
2.20
-2.30
3.00
3.69
3.36
-0.19
-3.13
-4.06
-5.86
-10.44
-10.06
-7.18
-6.03
-2.01
1.31
6.20
6.97
5.26
1.97
2.20
2.53
2.45
2.74
3.96
7.04
5.19
3.56
-2.01
-4.52
-7.86
-9.51
-10.87
-8.83
-7.57
-2.62
1.46
-0.56
3.72
-0.02
-1.16
0.53
2.09
4.75
5.09
7.63
9.45
10.15
4.56
2.68
-3.08
-5.46
-6.18
-8.19
-7.29
-2.87
-3.76
-1.17
-4.43
-4.07
-4.64
-3.84
-5.91
-1.95
2.87
4.44
8.36
12.08
7.81
7.65
3.81
-1.51
-0.65
-4.77
-2.86
-0.40
-3.08
-2.18
-0.39
-2.23
-6.00
-5.73
-9.58
-8.98
-3.74
-0.85
2.61
4.44
7.25
5.83
6.93
3.20
4.63
2.52
2.46
3.59
3.48
3.20
0.81
1.24
-0.97
-7.79
-6.91
-8.21
-7.03
-4.04
-4.98
-1.28
3.83
3.84
1.94
1.56
0.63
0.63
4.11
5.34
5.17
7.20
8.89
5.60
0.38
-1.06
-2.84
-9.36
-9.84
-9.95
-5.86
-4.56
0.53
-3.19
-1.27
-4.01
-0.94
-2.08
0.86
-0.12
4.81
10.00
7.67
8.10
7.45
5.41
0.31
-4.17
-4.05
-3.11
-4.36
-4.47
-4.08
-1.54
-3.81
-5.99
-4.03
-5.65
-3.97
-5.07
0.15
3.80
5.05
9.69
10.19
5.98
4.14
0.40
-0.81
2.13
1.01
1.96
1.68
1.26
0.32
-0.66
-3.49
-6.12
-8.39
-9.98
-6.40
-3.50
0.84
5.88
6.17
6.64
2.64
2.80
0.54
2.61
3.99
4.49
6.65
6.62
5.14
4.97
1.59
-3.88
-8.80
-7.07
-8.67
-7.98
-6.58
0.11
-0.38
2.72
-0.26
0.29
-1.84
-0.88
0.37
5.70
5.70
5.93
7.35
6.51
4.28
2.48
-3.61
-5.00
-7.69
-5.76
-4.24
-3.71
-1.84
-2.06
-3.37
-2.84
-5.75
-6.18
-1.55
-2.51
2.34
8.53
10.68
9.22
9.74
7.80
2.66
-1.49
0.17
-0.35
-4.64
-3.06
-2.68
1.28
-0.85
-5.90
-7.50
-6.42
-9.90
-5.23
-4.32
-0.68
2.14
8.20
7.57
9.12
6.31
5.35
2.09
0.21
-0.40
0.39
1.09
1.89
4.48
-0.10
-3.63
-9.47
-7.37
-7.69
-8.12
-7.81
0.10
3.11
2.55
4.10
4.60
1.37
-0.83
3.39
3.16
6.53
7.97
8.81
9.02
4.08
1.50
-0.10
-4.48
-9.30
-10.71
-5.17
-6.12
-1.68
-1.94
0.08
-0.99
-2.19
-1.27
-3.05
0.19
0.85
7.14
7.77
9.50
10.33
6.89
2.13
-1.14
-0.01
-4.12
-4.82
-6.44
-1.30
-3.46
-0.97
-4.35
-4.68
-6.91
-5.73
-4.27
-1.75
0.66
2.96
5.15
10.90
10.16
7.09
6.24
1.47
-1.28
1.63
2.28
0.14
-0.04
3.26
1.51
-4.57
-6.70
-9.95
-9.84
-8.54
-4.44
-0.77
0.47
3.25
7.57
3.36
4.97
2.82
1.22
0.08
3.88
5.07
5.78
4.32
3.74
3.48
-3.92
-3.99
-9.92
-11.08
-10.84
-5.75
-3.13
-1.34
2.63
2.94
3.21
-1.76
-0.96
1.32
-0.80
4.06
4.28
8.64
10.10
8.68
4.28
-0.83
-2.39
-4.19
-4.49
-5.15
-3.66
-2.78
-3.80
0.52
-2.88
-2.12
-6.61
-6.24
-4.31
-0.15
3.41
8.38
9.51
7.54
7.34
6.51
1.93
-0.89
-1.47
-4.64
-0.90
-2.46
0.68
1.31
-4.57
-4.47
-6.00
-9.46
-6.94
-6.72
-5.21
2.95
2.17
7.63
8.23
5.05
6.92
3.64
3.72
1.88
4.10
2.70
4.08
4.98
3.66
-2.03
-5.68
-5.59
-7.94
-10.61
-7.21
-5.52
-3.12
0.43
5.23
2.57
4.97
0.80
0.07
2.00
2.02
4.20
5.88
10.29
6.81
7.20
-0.40
-1.90
-6.68
-8.07
-6.08
-9.44
-2.81
-3.38
0.34
-2.83
-0.97
-0.87
-4.23
0.37
0.63
1.36
7.16
10.00
10.71
8.04
5.15
4.77
0.48
-2.35
-2.98
-3.40
-1.81
-3.50
-4.00
-1.39
-5.56
-5.62
-5.97
-7.06
-5.24
-4.84
-1.81
1.80
7.06
8.80
7.61
8.76
2.80
3.07
2.06
-2.19
-1.99
1.98
0.74
-1.62
-3.29
-3.40
-4.56
-7.53
-8.15
-6.33
-5.14
-2.09
-0.62
3.84
7.61
7.44
3.04
1.86
0.53
1.27
4.97
3.13
6.51
3.86
4.78
0.44
-2.94
-7.85
-10.99
-8.50
-10.27
-4.54
-4.46
0.22
-0.12
1.73
2.44
1.84
1.19
-0.80
1.19
2.88
6.39
7.29
10.70
7.24
6.66
2.42
-3.87
-5.87
-7.03
-5.79
-2.70
-4.92
-3.72
-2.94
-1.65
-1.71
-2.98
-3.95
-5.31
-1.16
1.41
6.08
7.07
7.45
10.62
7.58
1.19
1.02
-3.64
-3.07
-3.65
-0.17
1.75
1.06
-0.53
-4.85
-6.65
-9.36
-9.76
-5.93
-2.62
1.96
4.37
8.05
10.04
8.56
4.55
1.43
-0.35
-1.03
3.48
4.82
1.30
2.96
3.19
-0.42
-3.02
-5.62
-11.47
-7.43
-8.58
-4.93
-1.85
1.26
5.50
4.82
4.60
2.87
3.79
4.20
2.69
4.22
7.92
6.97
6.52
4.06
-0.55
-4.40
-7.22
-9.90
-7.67
-6.62
-4.69
-4.88
0.12
0.92
-0.61
-1.66
-3.13
0.04
-1.79
0.94
5.98
6.78
8.35
10.74
4.44
2.13
-0.17
-0.89
-6.70
-2.46
-1.71
-3.81
-0.48
-2.00
-1.82
-7.29
-8.34
-7.75
-6.37
-1.93
1.36
4.51
5.72
8.53
9.58
5.13
3.38
3.33
1.95
-1.59
-0.64
3.12
2.14
-0.22
-3.43
-2.02
-6.53
-10.99
-8.04
-8.38
-3.28
-0.90
3.71
4.31
3.70
7.24
2.67
2.47
3.49
0.60
2.95
6.99
5.01
5.75
1.98
1.22
-3.83
-6.11
-10.35
-10.95
-9.68
-6.13
-2.93
-2.36
3.07
0.49
1.16
-1.35
-1.77
0.52
4.79
4.17
6.42
10.03
8.34
6.22
1.97
0.21
-3.29
-7.79
-9.00
-8.02
-3.54
-1.63
-0.62
-2.24
-2.12
-6.09
-3.25
-5.78
-2.65
-1.38
6.61
9.86
8.71
10.17
6.51
5.87
1.64
0.97
0.05
-2.20
-3.71
0.25
-3.11
-3.29
-0.81
-7.61
-9.76
-6.48
-5.84
-7.33
0.15
3.94
5.61
7.36
5.99
7.82
5.64
4.20
1.79
3.16
3.08
2.19
4.55
3.67
2.44
-4.51
-6.92
-6.06
-9.90
-10.46
-8.33
-6.08
1.35
3.85
4.62
1.52
0.82
0.39
0.11
3.39
4.23
4.08
5.24
7.04
5.98
6.28
-1.67
-3.12
-5.82
-9.43
-7.93
-7.96
-4.85
-3.95
-0.84
-1.66
-0.23
-3.18
-0.83
-1.70
2.26
4.93
4.76
10.43
10.62
10.87
3.75
0.81
-0.74
-1.39
-4.45
-2.74
-1.77
-4.19
-3.15
-1.29
-2.39
-5.12
-5.31
-8.68
-3.45
-2.88
3.75
5.83
7.85
9.60
6.26
6.94
4.24
0.42
0.53
-0.18
1.40
3.36
2.27
2.92
-2.36
-6.37
-8.06
-11.39
-11.44
-6.03
-5.96
-0.06
1.96
6.91
8.26
5.29
4.37
1.40
2.56
0.13
1.02
6.42
6.23
4.72
4.96
-1.88
-4.49
-4.70
-8.83
-7.38
-10.33
-4.92
-3.38
1.95
2.03
3.68
1.75
1.68
-1.89
3.02
4.45
4.00
5.29
8.96
9.42
5.74
4.42
-1.24
-3.45
-6.76
-7.03
-8.52
-3.95
-3.60
-2.83
-3.77
-3.57
-4.67
-4.93
-4.79
-2.99
-0.72
5.99
9.75
9.14
9.71
6.23
5.64
-0.92
-1.67
-1.18
-4.03
0.40
0.33
1.08
-2.59
-2.31
-6.15
-10.23
-8.17
-9.37
-6.97
-0.40
1.78
7.14
9.32
9.82
4.33
5.12
1.40
1.52
3.82
1.71
5.05
5.59
1.75
0.06
-0.59
-4.99
-7.00
-11.47
-11.64
-8.11
-4.27
0.65
3.17
2.50
5.91
2.20
0.07
-0.89
1.29
2.99
7.68
9.77
6.33
5.55
1.88
-2.61
-4.75
-5.11
-7.91
-8.13
-7.07
-2.72
-4.05
0.65
-1.11
-2.81
-0.23
-4.09
-3.51
3.02
2.54
8.79
8.78
10.08
9.86
3.97
0.23
-3.36
-3.42
-7.04
-5.74
-3.21
-1.49
-2.50
-2.20
-2.80
-6.92
-7.92
-5.82
-3.53
-4.12
-0.10
3.77
7.03
10.98
8.85
3.68
5.20
2.75
1.66
0.62
0.36
0.40
1.27
0.27
-3.49
-5.59
-6.33
-11.05
-7.42
-6.50
-5.81
-1.58
2.27
3.28
5.65
3.19
1.77
4.94
-0.22
3.57
5.87
5.34
4.02
4.92
1.67
-1.30
-4.07
-8.94
-9.46
-9.38
-8.04
-4.24
-1.01
1.71
-0.45
-0.20
0.53
-0.73
1.58
-0.29
2.94
6.19
7.68
9.26
8.37
5.18
0.47
-2.45
-6.49
-7.54
-5.58
-4.93
-5.35
-1.08
-3.72
-2.63
-2.46
-5.19
-5.95