13.86
6.54
3.84
-14.25
3.15
4.14
1.23
2.28
-20.28
-3.43
17.08
3.95
2.73
-1.59
-3.54
-1.78
15.89
-0.52
-8.02
-6.99
15.75
15.13
-5.63
-6.55
-10.81
0.86
9.70
-6.44
-11.01
-14.05
11.71
4.94
-5.49
-13.67
-3.82
11.32
17.53
-1.09
-0.66
-1.62
-8.15
4.33
7.85
-5.62
-10.20
-3.90
2.98
3.08
-15.02
-15.75
6.17
16.73
6.79
-12.91
-9.89
-4.55
8.08
10.01
-6.18
-16.03
1.65
15.28
3.25
-0.01
-5.18
-1.66
12.96
6.95
1.96
-11.07
-5.39
7.65
8.42
-6.79
-8.97
-14.52
12.19
19.23
-2.00
-16.70
-18.01
12.12
14.16
-2.14
-16.10
-20.31
-5.36
17.52
0.39
-5.64
-17.42
-2.81
4.71
9.98
-11.45
-10.41
-6.03
21.55
1.05
-2.49
-5.15
-10.73
9.41
4.21
-7.03
-11.67
-10.46
5.34
5.17
-9.13
-8.18
-7.54
10.07
11.82
4.11
-3.71
-3.67
13.92
22.07
-0.50
-2.67
-7.79
12.08
20.53
8.54
-2.16
-1.92
13.12
7.39
14.15
-5.13
-5.27
9.13
11.82
6.82
0.20
-15.25
-5.19
14.60
14.91
1.93
-12.47
-10.03
14.89
8.25
-0.52
-15.68
-7.90
17.34
20.52
-6.81
-23.03
-15.20
10.00
13.09
-2.87
-16.25
-14.79
5.19
20.58
5.58
-11.88
0.56
-1.53
15.41
-7.12
-13.78
-18.22
6.84
13.59
1.58
-16.93
-18.88
-4.44
23.08
9.24
-15.67
-2.87
9.02
10.83
15.32
-10.88
-16.03
-2.45
5.59
0.74
-5.19
-16.48
-11.04
17.78
12.17
-10.45
-20.58
-11.01
16.95
10.82
-9.38
-14.93
-4.29
12.03
8.88
0.60
-13.08
-8.00
13.22
23.26
-4.57
-11.09
-6.77
4.14
20.96
0.47
-3.96
-0.53
3.80
15.08
3.99
-13.48
-11.42
-4.00
17.87
12.32
-8.85
-19.35
-3.82
17.52
14.12
-6.22
-15.29
3.93
9.79
16.13
-0.21
-16.55
6.43
12.51
12.54
-12.90
-9.51
-7.19
11.72
16.43
-10.43
-15.46
-13.51
17.30
22.31
-1.59
-14.98
-4.21
6.70
5.95
-2.53
-19.73
-4.96
1.16
24.15
-3.96
-20.30
-6.34
10.34
23.27
3.17
-11.27
-14.59
-0.93
22.61
4.71
-16.19
-17.95
-2.17
6.17
5.53
-9.59
-6.77
-0.51
10.77
7.67
-10.96
-15.40
3.38
15.98
1.91
-6.46
-8.98
-10.67
8.73
10.85
-1.13
-19.93
-6.27
12.67
15.88
-7.69
-10.63
2.41
2.26
14.34
-8.57
-18.08
-15.43
19.23
22.42
-4.17
-23.11
-0.57
2.56
13.86
-7.05
-15.66
-16.39
9.49
13.76
3.27
-3.03
-8.91
-2.60
6.26
5.06
-10.06
-20.95
7.61
5.59
10.91
-10.23
-16.74
1.34
20.57
5.47
-14.78
-19.51
3.62
15.73
20.03
-3.11
-22.37
-9.44
3.67
21.10
-7.92
-7.73
-10.51
6.90
15.59
4.80
-16.05
-1.77
17.37
7.01
-0.13
-9.19
-13.32
5.66
4.39
5.00
-4.86
-17.98
-3.09
7.02
-4.44
-21.44
-8.16
2.59
22.86
6.18
-14.97
-10.53
-0.53
14.63
1.02
-8.36
-5.52
-3.15
9.51
-2.10
-5.99
-9.78
-0.10
8.28
0.60
-2.20
-17.97
4.79
8.55
11.36
-7.90
-8.57
-9.90
15.80
19.05
-11.30
-15.03
-1.61
12.15
20.02
-4.73
-5.55
-7.18
1.63
14.34
-1.88
-7.71
-11.27
0.60
6.73
0.40
-19.16
-9.47
-0.78
22.93
-1.62
-14.44
-5.84
6.53
4.89
1.34
-14.02
-20.30
2.88
19.96
12.90
-17.44
-14.53
-8.57
12.65
13.88
1.48
-8.27
0.38
15.22
6.64
-9.43
-7.43
5.44
13.51
14.78
-3.97
-3.26
2.41
1.64
9.89
7.55
-16.67
-15.82
6.02
11.33
-9.60
-11.75
0.35
6.99
7.86
-0.83
-4.55
-15.68
3.04
5.61
-1.40
-2.91
-8.29
-4.28
20.46
3.38
-8.69
-6.40
-1.75
4.86
6.86
-14.57
-14.13
7.95
16.52
14.68
-15.62
-5.91
8.65
17.38
16.16
-12.02
-5.86
-11.19
7.01
-0.49
-12.22
-7.68
-3.05
6.35
16.80
0.22
-10.86
-2.29
14.75
15.41
-7.57
-1.40
-7.91
12.82
6.14
5.54
-16.67
-6.43
-3.56
11.23
7.35
-16.68
-10.47
7.32
15.86
6.48
-4.44
-6.15
8.87
17.72