0.084309
0.342262
0.826545
0.816959
0.624460
0.336776
0.001429
-0.032194
0.139092
0.440530
0.833457
0.558461
0.342155
-0.053426
-0.507253
-0.890985
-0.815596
-0.313350
-0.020200
0.063514
0.060483
-0.210068
-0.659425
-0.644111
-0.780585
-0.208190
0.098791
0.450816
0.669623
0.675361
0.284846
0.039515
0.017217
0.167198
0.519063
0.728024
0.717360
0.600894
0.162102
-0.433407
-0.728343
-0.888830
-0.524756
-0.345268
0.012947
0.064640
-0.112763
-0.540289
-0.770074
-0.863665
-0.680833
-0.070611
0.392318
0.627146
0.747761
0.429525
0.390485
0.128450
0.043654
0.227971
0.644713
0.697525
0.698632
0.486755
-0.113424
-0.406708
-0.782012
-0.611673
-0.554237
-0.333608
-0.088096
-0.088889
-0.214671
-0.571189
-0.768041
-0.799014
-0.435661
0.103681
0.554404
0.614295
0.856008
0.327065
0.156005
0.132946
0.014849
0.341716
0.716739
0.719992
0.575940
0.434030
-0.274816
-0.458973
-0.861020
-0.699541
-0.499077
-0.210870
0.042010
-0.009585
-0.529922
-0.604525
-0.811067
-0.518805
-0.325199
0.294948
0.741674
0.690511
0.767900
0.331727
-0.021059
-0.010393
0.089416
0.584995
0.613478
0.676306
0.467884
0.053389
-0.349507
-0.617982
-0.740986
-0.513728
-0.182957
-0.025395
0.079488
-0.241622
-0.448729
-0.737168
-0.584554
-0.454363
