3.839228
83.089694
84.276864
24.420911
41.367840
22.861415
97.927793
14.438307
88.775292
97.216712
18.329417
43.348491
70.152898
33.323160
15.567492
96.075320
95.239113
58.476516
88.293100
85.122227
51.167333
87.298196
14.551225
60.560930
85.052034
36.497085
20.035401
67.836543
43.012787
70.314646
54.295480
81.588183
81.270791
29.691458
15.613269
93.539232
14.941862
48.435926
15.128025
82.622761
20.148320
9.366131
20.838038
45.481735
55.073702
43.647572
72.121342
15.408795
15.591906
26.401563
5.365154
47.911008
91.088595
71.742912
81.405072
0.991852
36.100345
80.355235
55.272073
88.305307
23.419904
42.713706
79.015473
33.234657
56.181524
30.301828
61.195715
44.230476
11.484115
80.120243
54.579302
65.449995
54.057436
2.661214
29.337443
34.522538
5.279702
58.238472
81.160924
84.542375
55.384991
57.658620
83.129368
29.694510
11.444441
80.709250
42.817469
56.508072
36.231574
22.150334
76.760155
62.886441
43.461409
68.410291
92.925810
73.207801
65.166173
58.018738
21.848201
7.428205
56.715598
29.004791
87.002167
32.514420
55.198828
6.302072
55.037080
74.123356
56.709494
32.331309
56.563005
16.843165
28.238777
93.859676
18.042543
70.992157
19.748527
48.283334
95.443587
34.150212
92.056032
2.465896
50.270089
25.556200
26.166570
47.202979
58.616901
21.463668
29.706717
0.503555
93.850520
69.603565
6.006043
62.785730
73.531297
10.882900
1.525925
37.076937
11.249123
86.434523
97.238075
17.447432
63.939329
58.113346
59.547716
98.651082
15.341655
20.645772
16.449477
10.232856
86.223945
33.463546
74.474319
28.186895
11.972411
50.401318
42.075869
67.210913
78.215888
75.380718
75.124363
6.814783
55.049287
22.177801
10.061953
54.332102
20.542009
6.439405
0.387585
97.940001
14.117862
48.039186
22.101505
52.867214
10.440382
11.890011
63.686026
53.892636
54.441969
65.407270
66.322825
97.256386
48.091067
80.645161
29.902036
85.082553
29.569384
59.321879
50.489822
75.521104
35.438093
8.807642
94.238105
51.124607
78.121281
2.151555
70.995209
23.648793
92.205573
44.825587
48.570208
93.087558
20.563372
20.227668
29.389325
64.116337
63.277078
35.801263
18.124943
91.729484
98.397778
78.337962
41.572314
84.066286
85.921812
64.561907
9.350871
82.799768
39.149144
89.599292
81.078524
24.195074
54.026917
1.379437
55.558947
33.936583
37.153233
79.198584
47.730949
58.876308
23.020112
44.431898
68.880276
88.827174
21.143223
81.670583
75.838496
71.514023
83.700064
98.290963
4.721213
73.821223
34.302805
0.640889
54.893643
92.449721
48.539689
14.957121
38.715781
67.101047
26.868496
31.116672
62.782678
99.356059
50.550859
97.381512
