10.44
8.3
7.24
5.84
5.73
3.18
2.81
2.76
2.65
0.86
0.41
-0.7
-2.25
-5.23
-5.09
-6.14
-7.78
-8.2
-7.54
-7.26
-7.74
-9.2
-8.78
-11.12
-10.43
-11.04
-10.86
-9.39
-7.37
-6.12
-6.99
-5.7
-5.72
-4.43
-4.27
-2.8
-1.92
-0.54
1.69
3.56
3.1
4.42
4.76
5.69
6.6
6.47
7.17
9.48
10.51
11.32
10.92
10.71
9.07
9.9
7.84
8.93
7.96
8.45
6.97
6.75
6.75
5.48
4.01
1.38
0.88
-0.51
-1.48
-3.09
-3.77
-2.82
-5.06
-5.33
-7.67
-8.16
-9.58
-10.55
-10.44
-10.74
-10.44
-8.96
-8.85
-9.43
-8.41
-10.3
-10.26
-8.14
-8.21
-5.9
-3.78
-4.04
-1.56
-1.6
-0.82
-0.48
0.68
0.88
2.96
4.71
6.45
8.17
8.5
7.76
9.13
8.83
7.63
8.7
8.47
9.47
10.28
11.24
11.16
8.6
9.25
6.57
5.91
4.4
5.07
4.62
3.74
2.24
0.76
1.07
-1.46
-2.58
-5.47
-6.45
-6.62
-6.03
-6.77
-8.06
-7.35
-9.15
-9.85
-10.03
-11.76
-11.83
-9.94
-9.88
-8.61
-7.6
-7.53
-7.11
-6.99
-6.87
-5.43
-5.28
-3.73
-2.61
-0.34
0.8
2.43
3.76
4.81
5.42
5.9
6.05
7.22
7.61
8.41
10.44
10.17
9.81
9.47
10.37
9.48
8.17
8.3
7.66
8.22
7.42
7.3
5.44
5.3
3.11
1.22
1.26
-1.2
-1.66
-1.3
-2.22
-2.29
-5.23
-6.41
-7.05
-8.85
-10.34
-9.75
-9.94
-9.87
-9.1
-9.27
-9.9
-9.91
-9.46
-10.69
-9.98
-7.88
-7.16
-5.49
-3.89
-3.5
-1.63
-2.09
-1.89
-0.37
-0.09
1.21
3.46
4.42
5.53
6.86
8.42
7.83
8.25
7.86
7.84
9.96
9.5
11.23
10.58
11.03
10.95
8.71
8.6
6.93
6.61
6.12
5.61
4.93
3.8
2.81
0.9
-0.98
-1.7
-2.76
-3.9
-5.31
-4.95
-6.84
-7.2
-6.87
-8.49
-8.79
-11.02
-9.86
-11.87
-11.55
-10.78
-9.32
-9.28
-6.85
-6.89
-7.69
-8.12
-7.09
-6.58
-3.55
-2.84
-1.17
1.24
1.51
2.48
2.25
3.76
3.42
4.62
6.53
7.31
8.63
10.07
11.01
10.05
9.6
8.65
9.21
9.28
8.78
8.38
8.26
8.98
9.25
7.9
6.33
3.17
2.17
1.12
1.13
-0.66
-1.35
-0.72
-1.65
-4.17
-5.34
-7.52
-7.68
-8.66
-8.77
-8.06
-9.54
-9.67
-8.81
-8.55
-9.67
-9.63
-10.55
-9.21
-9.09
-7.36
-7.04
-5.1
-4.64
-4.68
-3.06
-2.15
-2.6
-1.41
-0.24
2.13
3.61
4.8
7.26
6.27
8.15
6.64
8.01
8.97
9.3
10.1
10.46
11.09
11.47
9.88
10.38
7.88
7.31
6.4
5.52
5.23
5.96
6.07
4.18
3.63
0.39
-0.42
-3.1
-2.5
-5.08
-4.22
-5.78
-5.2
-7.09
-6.95
-9.32
-8.66
-10.73
-10.2
-11.52
-11.05
-9.16
-8.34
-7.76
-8.58
-7.64
-7.22
-8.43
-6.86
-5.6
-4.81
-2.96
-1.02
0.94
1.44
1.37
2.94
1.87
4.36
5.55
6
8.24
10.04
8.81
9.11
9.67
9.12
8.15
9.9
8.46
8.73
10.28
10.24
9.05
7.48
6.37
5.65
4.06
1.93
1.03
0.7
0.34
-0.25
-0.1
-1.61
-3.28
-4.86
-7.32
-8
-8.03
-7.71
-8.63
-8.01
-9.56
-9.22
-10.67
-10.81
-10.64
-10.42
-10.05
-7.94
-7.98
-6.39
-4.67
-4.94
-5.24
-3.97
-3.25
-1.68
0.07
1.24
2.43
3.81
5.72
5.63
5.32
6.74
6.94
7.63
8.27
9.89
10.93
10.45
10.78
10.43
9.66
8.31
7.6
7.17
7.6
6
7.58
5.3
4.79
3.07
2.2
0.2
-0.28
-2.75
-2.72
-3.14
-3.44
-5.02
-6.28
-7.32
-8.78
-9.47
-10.25
-9.98
-11.23
-10.3
-9.61
-8.23
-9.18
-8.14
-8.81
-7.84
-9.26
-7.14
-7.52
-5.18
-3.35
-3
-0.54
0.61
-0.15
0.53
0.81
2.21
4.6
5.23
7.91
7.9
8.53
9.3
9.9
8.34
9.08
8.38
8.58
9.02
10.23
9.96
9.42
9.53
6.7
7.12
4.06
3.97
2.7
2.13
2.02
2.39
0.76
-1.21
-3.19
-4.27
-6.29
-6.18
-7.36
-6.67
-7.98
-7.34
-8.62
-8.92
-9.88
-9.51
-11.02
-11.27
-9.45
-8.98
-9.08
-7.02
-5.44
-4.95
-6.01
-4.32
-4.13
-2.54
-1.66
0.32
1.82
2.08
3.23
5.72
5.8
5.63
5.8
6.68
7.35
8.86
9.59
10.71
11.83
10.21
10.42
10.05
9.22
7.92
7.61
8.73
7.74
7.21
6.47
5.57
3.16
2.69
0.75
-1.1
-2.3
-2.1
-2.65
-3.76
-4.49
-6.03
-7.05
-7.82
-8.71
-9.94
-10.14
-10.71
-9.95
-8.69
-8.44
-9.84
-8.76
-8.52
-8.82
-8.66
-7.7
-6.21
-5.49
-3.58
-1.48
-1.23
-1.46
-1.24
0.88
1.4
2.89
5.33
5.64
6.47
9.02
9.13
7.96
8.43
9.53
9.21
8.95
10.24
10.11
10.61
9.89
10.34
7.86
7.03
6.58
5.05
3.83
4.59
3.66
1.71
1.95
-0.5
-1.58
-3.6
-3.71
-5.46
-5.66
-5.97
-7.26
-8.11
-8.32
-8.44
-8.76
-10.26
-11.17
-11.54
-9.77
-10.5
-7.89
-7.36
-7.97
-6.62
-6.62
-5.3
-4.97
-5.33
-4.16
-2.41
-0.25
1.63
2.97
3.5
4.34
3.87
4.88
6.57
6.64
7.24
8.71
10.55
10.06
10.32
9.27
9.94
7.98
7.77
8.22
9.14
8.9
8.85
6.7
7.14
5.01
2.82
1.76
0.08
0.16
-1.83
-1.59
-1.7
-3.5
-5.52
-6.06
-8.44
-8.99
-10.03
-10.52
-9.76
-9.84
-8.37
-9.57
-8.95
-10.33
-9.71
-9.72
-8.65
-8.97
-8.04
-5.36
-3.91
-3.86
-1.56
-2.07
-0.72
-0.79
0.22
1.53
3.76
5.43
5.66
7.77
8.38
8.93
7.09
8.85
9.16
9.08
9.9
10.82
10.75
10.76
9.21
9.55
7.31
7.03
6.79
6.3
4.28
3.79
4.85
3.08
1.26
-0.32
-2.25
-3.86
-3.83
-4.57
-5.63
-5.13
-5.82
-7.2
-8.12
-9.41
-9.18
-11.1
-11.74
-10.83
-10.82
-9.48
-7.78
-7.66
-6.9
-8.1
-6.75
-7.48
-5.2
-3.56
-3.64
-1.7
-0.1
1.68
2.22
2.02
2.4
4.92
5.02
5.19
6.9
8.27
9.34
11
9.37
9.74
8.97
8.8
8.42
8.22
8.41
9.66
9.37
9.25
8.16
6.53
4.88
2.63
0.84
0.29
-0.63
-1
-0.98
-2.89
-4.11
-5.86
-6.51
-7.45
-8.09
-8.08
-8.62
-8.47
-8.52
-8.55
-8.78
-10.04
-11.25
-10.91
-10.73
-8.99
-7.97
-6.43
-6.2
-5.11
-3.03
-2.41
-3.27
-1.35
-0.69
0.23
2.87
4.2
6.04
5.52
7.13
6.84
7.94
8.34
7.22
9.66
9.3
9.48
10.91
10.93
10.34
9.66
8.72
7.31
6.88
5.72
6.58
5.48
5.46
3.19
2.86
0.63
-1.14
-2.28
-3.26
-4.41
-5.34
-5.01
-5.79
-5.78
-7.91
-8.91
-8.89
-10.37
-10.76
-10.61
-10.18
-8.56
-9.09
-8.94
-7.89
-8.73
-8.53
-6.98
-7.67
-5.34
-4.8
-1.89
-0.77
0
0.74
1.04
3.07
2.52
2.92
5.43
5.9
8.27
9.31
9.16
8.93
10.34
9.39
9.12
9.6
9.44
9.36
9.24
8.65
9.76
8.75
6.1
4.33
3.2
3.49
1.14
1.88
0.92
0.98
-0.94
-2.18
-4.37
-4.71
-6.21
-7.15
-9.12
-8.04
-9.21
-7.79
-7.94
-8.33
-10.83
-10.67
-11.46
-10.35
-8.98
-8.59
-8.4
-6.36
-4.5
-4.75
-5.06
-4.59
-3.2
-2.49
-1.52
0.97
2.76
3.82
5.53
6.47
5.29
6.89
6.04
8.14
7.54
9.46
9.3
11.17
10.93
9.89
9.19
8.2
8.24
7.37
6.44
6.11
6.36
5.42
5.29
3.73
2
-0.34
-0.43
-1.76
-2.62
-3.07
-3.32
-3.94
-6.12
-7.42
-7.64
-10.02
-10.2
-11.01
-11.42
-10.56
-8.93
-9.39
-9.02
-9.41
-8.1
-9.09
-8.7
-7.75
-7.27
-5.52
-2.6
-2.73
-1
-0.74
1.29
1.71
1.52
1.88
4.3
5.1
6.86
9.01
9.11
9.75
10.15
9.68
9.03
9.56
10.07
9.4
9.85
10.49
9.82
7.92
6.69
5.43
3.89
4.2
2.35
3.37
2.05
1.39
1.21
-0.6
-2.68
-4.8
-5.78
-6.41
-8.01
-6.99
-7.2
-7.72
-8.5
-8.17
-9.56
-10.93