43.29
-64.06
6.77
50.2
63.48
-59.34
-49.67
18.3
53.46
32.73
-29.93
12.61
84.76
-42.35
-68.93
40.7
73.33
-36.27
-12.93
10.38
25.43
-4.34
-78.5
45.28
40.81
-5.87
-84.01
-41.22
35.08
14.21
-1.74
-8.27
20.11
28.71
-19.39
33.36
40.8
54.34
-82.07
23.3
52.27
0.55
-37.96
-59.42
10.43
48.96
-23.73
24.49
50.99
-22.98
-35.36
-4.66
61.43
0.18
-27.14
-52.29
72.66
14.47
-45.42
-3.64
7.71
-14.47
-12.08
-61.18
-20.31
79.58
-29.01
6.44
53.24
-2.19
31.32
-25.05
15.21
80.72
-6
-13.61
-26.26
72.64
-48.2
2.56
-44.59
39.64
15.55
6.73
-35.19
16.3
13.35
-19.73
2.93
11.43
-15.93
-6.87
30.85
22.24
46.29
-58.48
-60.47
45.53
54.61
-10.77
-31.56
83.05
23.87
-1.27
0.92
20.22
16.62
13.73
-35.22
-8.89
-0.16
-44.05
-62.28
74.09
27.69
-33.74
-17.97
15.21
78.53
-34.81
-19.54
65.19
0.39
14.56
-77.69
46.41
16.82
-59.38
-79.64
-18.46
58.72
-59.98
-42.72
54.61
3.36
-3.11
-77.49
-15.9
68.32
-34.72
-15.86
-21.54
79.79
-45.38
-86.81
-39.94
39.91
-18.6
-7.93
25.51
69.78
-32.29
-78.29
23.49
-7.54
12.49
5.72
-19.82
61.35
-30.12
11.53
5.22
-7.73
-0.52
-23.19
-62.01
45.33
-2.25
-83.26
-34.84
34.46
-24.84
2.32
17.81
-18.79
-3.35
-49.41
-23.64
58.39
60.44
13.74
-38.62
31.1
27.82
-20.72
5.63
-15.35
68.82
-44.7
-2.99
21.96
76.78
-30.14
-81.76
-11.78
74.21
-40.29
8.89
28.91
49.43
24.97
-74.97
-32.52
16.21
22.92
1.15
42.32
-4.52
-23.89
8.9
-12.35
78.45
47.23
0.99
-19.75
16.3
-6.12
-3.4
0.42
62.76
-5.3
-20.2
10.6
35.77
32.41
-74.42
-57.22
71.19
2.34
-63.25
-22.53
35.37
22.33
-75.44
-26.64
71.52
20.1
-78.18
1.05
27.67
13.1
11.65
-45.34
42.39
-15.85
-13.02
-32.11
-18.79
53.87
-1.92
-47.17
-9.9
10.27
11.9
-35.56
35.33
30.07
37.15
-60.28
5.35
5.24
-18.6
-71.2
-25.63
69.66
4.38
-50.91
-33.32
82.15
-48.95
-9.68
-33.17
73.59
46.35
5.39
-4.42
27.4
28.54
-82.93
39.02
45.29
-11.35
-80.04
-25.77
32.17
26.21
-77.3
19.95
22.12
30.5
-50.55
-52.22
-9.3
10.02
-33.03
-15.24
34.4
37.9
-12.94
-43.81
42.8
-14.01
-35.24
-22.49
50.8
66.57
-67.57
-51.5
61.42
-2.44
-48.37
-15.71
31.71
29.82
-40.49
-45.49
-12.01
2.73
-17.29
-59.65
-2.59
55.28
-24.9
-71.47
-7.11
29.03
-35.45
-26.94
-0.66
13.74
-17.54
-25.72
34.33
3.84
-11.15
-47.79
35.78
82.62
52.1
-49.99
2.51
67.37
17.68
-66.94
-7.16
77.92
-21.05
-71
-6.46
19.55
27.59
6.56
8.9
84.5
52.91
-0.84
24.47
-12.39
-9.22
7.37
-65.17
45.5
53.18
-61.92
7.25
-15.31
19.17
15.74
-18.03
48.31
80.8
-26.71
-18.28
50.7
59.54
26.61
-19.02
-12.45
12.51
24.32
-66.41
-4.21
-10.68
36.59
-46.66
-21.77
76.56
41.96
-25.32
47.07
-9.87
-50.48
-50.77
-47.03
84.7
48.99
-62.58
40.09
77.2
-13.17
-48.56
-17.9
21.23
3.99
-25.63
28.3
10.33
-18.18
-2.61
5.19
26.44
-3.67
-72.93
25.89
74.62
-5.58
-61.04
8.09
25.41
59.47
-0.93
-14.47
67.99
40.24
3.61
10.53
38.47
-0.81
-39.24
-51.37
48.91
67.61
-34.04
-13.1
33.93
53.06
-12.4
-42.34
-26.8
-11.36
-47.96
-78.92
-30.06
42.86
28.98
-28.35
35.19
74.45
6.99
-80.46
26.14
54.34
-52.95
-81.42
-24.62
73.23
-28.6
-60.63
-3
71.33
25.86
-8.03
9.5
-10.02
8.66
-61.03
11.2
64.45
51.72
-24.27
-31.26
1.83
3.7
-49.26
-15.36
53.29
40.42
-37.49
28.98
26.08
-7.02
-15.05
-69.08
52.04
34.19
-59.19
-76.04
7.62
-21.89
-1.77
-76.56
40.08
-14
-56.58
-30.71
-23.69
69.02
6.73
-36.08
39.58
72.24
-65.46
-73.09
14.34
83.42
-15.9
-12.77
30.34
29.99
25.25
-35.29
39.5
73.23
8.9
-19.67
-18.8
62.96
-2.22
-75.04
28.08
63.35
-23.16
-22.28
-12.63
68.47
51.43
1.3
-28.15
85.59
-38.19
-61.94
-30.86
76.14
21.06
-61.3
-14.01
35.95
-13.5
-57.87
-32.69
33.09
37.04
-21.22
-28.95
80.19
-4.37
-26.61
-23.31
36.43
34.06
-75.14
-26.15
3.43
-4.24
15.78
-57.05
36.47
15.36
-7.68
12.86
61.57
58.81
-63.94
-64.68
38.3
49.79
33.36
-52.04
57.91
-8.51
-9.65
-67.69
-9.32
11.69
-32.95
-22.67
47.56
54.21
39.47
-57.66
-3.48
83.08
-28.63
-54.36
38.74
37.09
-42.08
-78.66
-37.6
49.44
-5.33
-51.15
14.67
11.61
50.12
-0.68
-45.32
23.01
-14.14
-11.22
-58.26
63.79
-19.05
-46.89
-17.1
12.98
67.02
-15.92
-44.52
-0.29
55.2
-67.11
-65.1
2.12
-14.3
-47.49
16.16
19.59
58.21
-43.04
-77.62
27.03
-6.53
-40.94
-46.26
15.21
45.82
-51.22
-77.24
32.1
9.61
0.95
-77.88
33.84
25.34
-50.1
-31.27
3.87
55.2
-31.5
-88.09
42.69
-1.61
38.98
-80.06
4.61
-0.7
-18.87
-53.5
-38
66.88
-11.92
-74.53
2.9
88.01
-22.24
-24.83
-54.44
16.64
5.18
-37.08
6.18
47.88
31.24
8.28
-4.52
20.54
5.87
-59.89
-27.48
67.73
37.04
-43.78
-10.74
-11.39
52.75
4.89
6.66
48.1
2.45
-13.56
-19.74
21.43
13.25
-5.46
-4.94
-9.55
12.96
-33.46
-21.81
20.23
27.97
12.67
-43.46
-8.84
87.05
12.67
-79.57
6.93
50.81
16.7
-70.54
-38.14
77.1
25.28
-73.38
-8.2
83.92
49.36
-33.26
-50.03
34.74
48.34
-70.29
-50.54
22.98
18.61
-86.14
-7.28
64.69
53.21
-9.6
-35.84
70.23
32.49
-16.81
-14.9
35.88
11.75
10.76
-5.58
76.74
30.74
-42.97
-72.55
6.55
34.71
-45.16
-10.1
32.17
-15.69
21.12
-50.27
39.18
72.68
-35.43
-43.37
21.13
68.99
15.06
-13.89
-22.08
85.47
-55.77
-86.24
52.02
45.4
-13.21
5.39
-38.23
40.15
-57.44
-83.53
-11.34
20.92
-8.95
5.42
-3.34
34.6
-8.55
-75.9
15.63
44.52
9.82
-83.92
39.55
0.37
55.65
-32.34
-32.84
14.66
6.02
-0.4
-47.91
43.54
61.08
-47.5
-6.95
83.84
3.25
-75.87
10.4
59.75
69.2
-10.71
20.08
22.44
38.42
-40.52
6.31
48.6
60.73
-8.42
10.73
-22.15
42.71
-69.62
-64.87
-13.51
43.19
24.37
-40.12
7.1
78.06
27.96
-37.95
-7.63
58.67
-1.68
-6.19
-15.01
19.27
26.16
-83.51
-34.62
-4.61
-34.12
-76.68
37.39
66.65
-16.03
-63.24
33.42
48.16
18.32
-78.6
-47.08
81.55
10.25
-17.49
29.47
29.32
-28.22
-79.82
-1.08
51.13
28.35
-40.77
-35.07
8.49
-14.22
-81.76
-23.06
72.34
-28.8
-63.78
-53.67
75.07
60.04
-38.72
16.33
14.3
-3.17
-47.34
9.74
57.71
61.15
-30.17
-18
36.37
41.98
19.28
-81.22
37.02
53.07
-66.48
-3.87
18.06
1.7
-54.57
11.61
34.43
87.42
-50.25
-66.3
15.73
88.62
-39.64
-44.79
45.55
8.76
17.06
-21.91
-0.78
3.43
-48.39
-61.64
-8.56
46.16
-37.04
-30.56
34.87
2.27
-8.28
-76.17
-20.03
42.32
-24.83
-67.46
-58.18
44.71
5.79
-41.15
-51.9
8.77
25.22
3.36
-3.74
66.9
56.76
-51.23
-9.71
6.08
37.17
-5.89
-40.12
-17.93
21.07
-26.77
-7.69
43.19
26.04
-32.82
-69.09
-20.67
-14.58
-13.29
-64.39
51.34
45.98
20.97
-39.56
42.47
78.59
30.65
-63.07
13.04
21.1
22.05
-13.91
-38.2
53.65
36.52
-58.74
8.69
83.98
31.7
-68.84
-46.09
26.79
27.37
5.87
26.82
40.83
46.72
-75.13
-14.86
71.9
-13.88
-82.71
34.67
73.45
3.61
-54.75
-15.06
15.78
65.01
-77.25
-45.4
35.61
-11.66
-79.79
-61.07
25.21
49.74
-52.45
14.26
11.58
4.04
-59.35
-20.94
20.39
45.07
-64.35
-69.79
-3.34
60.59
-37.27
-39.79
63.36
-14.8
-25.26
-27.28
6.34
40.01
9.03
-73.39
48.66
78.37
-55.61
-5.12
-13.18
79.68
-43.43
-30.05
-35.84
59.84
15.05
-33.31
-4.36
71.84
19.08
-80.81
-30.48
36.42
-32.29
-59.36
-1.2
-2.97
41.59
-62.85
33.99
40.08
-21.84
-6.33
-58.38
16.36
-14.41
-65.81
-40.4
74.82
3.97
-69.26
14.64
51.38
-3.44
3.2
-29.16
69.89
4.27
-45.62
-71.1
31.24
-11.58
-43.51
-22.62
-0.54
81.51
-10.84
9.86
29.81
30.91
-39.05
-83.51
38.37
16.09
13.15
8.1
63.99
0.08
-44.54
9.07
-14.99
11.79
1.9
-40.65
-19.59
7.17
-10.32
-74.17
-37.64
81.67
-27.19
-41.32
-31.23
78.24
-32.57
-83.06
17.28
-2.06
17.47
4.88
20.93
77.21
41.71
-52.21
33.24
68.89
30.76
-35.13
-62.98
64.83
48.56
-59.21
-39.34
82.87
7.63
-71.54
-32.81
71.48
-10.19
-26.95
-55.17
50.65
33.68
-10.44
-12.13
-16.57
-10.69
-1.37
-46.4
26.52
45.67
-65.78
-38.93
-21.76
52.69
19.91
-73.35
-28.39
77.77
-52.08
-58.3
55.13
64.92
37.46
-3.92
-30.95
81.43
-40.08
-28.46
48.38
81.01
-25.04
4.38
38.5
7.64
-0.38
-21.46
13.65
-7.48
-26.66
-41.43
-12.49
0.9
57.15
-20.85
32.33
-10.14
-14.67
-24.62
21.2
72.11
-7.06
-60.99
3.35
68.63
-16.69
-9.32
-17.01
19.43
-23.42
-66.53
20.34
12.53
26.36
-4.64
-40.14
11.52
13.81
-73.12
-5.73
21.28
-13.29
13.79
-74.6
-13.19
6.37
-65.91
-57.87
-23.55
31.16
5.99
-50.51
42.75
6.14
-22.85
3.01
29.26
18.18
-31.64
-48.9
-5.73
-7.35
23.66
-81.51
42.23
48.83
49.19
-52.38
-48.77
55.62
16.37
-76.04
-16.4
49.13
0.96
-61.42
27.22
53.9
61.01
-31.29
13.77
22.57
-6.39
-62.15
14.56
47.05
-8.6
-70.02
-44.73
54.59
-10.33
-43.49
-6.66
-2.71
59.43
2.5
11.87
-2.07
49.86
-66.79
-46.08
-16.24
2.48
-8.53
-72.62
41.39
17.57
-40.07
7.83
56.25
63.53
-57.37
-7.16
-6.6
63.24
-8.15
-29.27
37.24
27.87
-32.31
-12.45
-42.54
52.84
-51.14
-84.23
35.02
-1.43
25.09
-59.6
-3.59
88.41
-28.64
0
39.89
0
23.21
-62.21
37.86
3.77
-36.5
-48.47
-29.03
54
59.52
-9.56
-47.13
80.73
27.68
-19.51
-24.84
58.56
-7.99
-15.42
-40.2
1.57
25.3
11.34
-53.36
73.1
2.04
11.93
-70.3
-7
73.47
-13.71
-30.42
58.88
20.31
-34.72
-75.32
-17.85
71.38
4.66
-10.77
45.78
4.74
-15.12
-36.2
-19.22
29.51
-25.31
-84.64
28.92
27.2
-29.38
-39.12
42.22
15.21
-28.66
-34.92
11.21
53.91
-15.7
-7.29
-1.87
47.46
52.48
-19.75
-22.32
63.91
56.85
-8.81
-38.69
85.81
59.91
-57.92
33.06
18.48
-16.58
10.47
-58.58
63.11
19.97
-31.64
25.09
74.71
40.04
-25.85
-48.51
33.32
15.86
12.1
-11.15
76.13
47.87
-45.31
-29.7
27.56
18.07
-49.93
3.73
29.75
22.61
28.09
-14.35
63.16
10.94
14.37
6.64
15.08
65.62
-44.07
-88.23
-16.06
24.87
8.28
-74.36
13.45
8.73
17.77
-23.25
6.26
75.66
1.16
-65.99
-28.06
-3.67
49.53
-80.03
16.87
9.73
54.83
2.86
34.24
-0.58
-24.94
-44.39
-39.03
37.33
53.9
-59.31
6.18
62.47
44.69
-7.64
2.33
78.26
21.08
-0.75
-55.35
18
38.64
-4
-56.36
74.11
46.8
-30.24
12.06
1.16
62.1
-60.73
-15.22
41.27
-6.62
-66.23
-77.88
-20.07
-8.54
11.57
-45.87
15.51
68.55
-18.48
9.06
44.96
-1.92
-36.42
2.27
32.38
38.94
-10.42
-19.7
-31.77
75.91
-47.58
-3.95
26.87
20.43
0.95
-76.14
-49.24
23.07
-2.22
-21.6
-46.79
22.31
-2.48
-65.3
-11.77
54.62
35.96
-2
33.5
20.47
-9.47
-12.45
-25.12
15.47
66.91
-14.93
-37.98
19.4
-15.68
-43.11
-39.81
55.55
37.47
-17.38
-23.15
57.98
37.03
-37.24
-2.08
55.8
3.9
9.13
-5.54
3.13
83.83
30.28
-31.72
49.78
11.28
-2.2
-68.6
-23.05
54.96
-58.71
6.49
19.83
53.59
-39.07
-9.93
-22.34
0.12
-3.46
-71.54
43.78
76.6
-36.63
-84.19
-11.73
67.8
-20.5
-34.28
13.55
23.56
40.09
-35.75
11.25
63.93
9.66
-75.04
-21.03
43.95
61.66
-8.33
5.22
0.95
-18.3
-62.05
26.92
6.58
2.96
-23.73
9.69
18.96
22.11
-59.46
-4.55
68.62
3.5
11.89
4.54
56.75
-11.83
-71.87
-47.27
22.28
13.26
-40.02
-41.89
12.05
81.49
-33.27
-58.38
-25.45
60.85
-43.83
-51.33
37.06
87.74
-45.31
-37.53
33.19
79.88
1.74
-47.28
37.75
65.36
-47.05
-77.68
36.65
-7.84
15.25
-65.24
-5.7
58.96
-34.26
-51.87
1.22
53.73
61.35
-60.31
-31.79
2.07
64.13
-0.21
20.27
-13.38
36.21
-68.07
0.61
3.3
37.28
-74.91
-16.11
33.57
49.18
-6.35
-9.97
-4.8
36.9
-72.83
-41.59
59.84
-10.37
-47.81
15.14
66.2
13.06
-69.52
-22.84
22.51
12.86
28.03
-78.4
-20.91
1.17
-24.08
-9.57
-16.31
42.4
-30.72
-34.88
-36.1
30.69
29.93
-63.34
25.32
-1.14
38.1
-74.03
-11.04
-7.32
32.37
-6.91
1.45
-3.77
-16.31
-16.85
24.24
62.61
35.11
-58.57
-20.44
10.29
-34.86
-78.16
16.4
16.68
1.35
-53.5
-68.01
6.84
56.09
-55.84
12.14
80.5
27.07
-31.26
-2.82
46.53
16.18
-56.57
-11.96
6.55
0.81
-9.82
-11.37
45.43
52.29
-68.8
-13.61
59.36
55.22
-48.9
-5.64
38.26
33.3
16.66
6.3
35.77
2.47
9.67
-6.33
-16.22
52.49
-12.38
-25.44
-31.92
85.36
19.17
-15.72
-39.77
43.04
-9.96
-50.4
30.31
63.56
4.55
-38.74
-41.38
37.19
48.45
-81.45
-1.89
5.62
-6.63
-26.09
4.96
37.84
36.06
-66.66
11.16
16.03
27.77
-35.02
12.03
12.41
-0.59
-2.89
-27.22
45.97
-2.54
-10.06
-52.07
45.88
10.44
-13.03
-65.89
49.83
65.77
-66.9
-10.93
2.49
83.79
9.82
-50.76
-10.14
54.87
-65.05
7.58
15.09
15.89
-40.86
-40.02
-17.89
80.73
-12.5
-42.03
-0.14
-6.74
1.6
-18.91
-32.71
48.63
2.56
-9.15
11.81
19.13
-33.28
3.08
19.85
58.6
-33.46
-69.46
-58.73
85.62
-0.13
-56.51
-24.66
82.53
24.7
-9.46
-63.77
67.46
-22.95
-19.51
-32.95
-11.69
44.28
-77.83
-51.61
-4
16.73
-58.7
-6.43
43.74
35.44
-23.43
11.07
42.58
57.39
-21.1
-15.78
-1.08
82.87
-39.44
6.67
37.69
14.83
-25.22
-52.13
28.9
67.66
-35.99
-0.58
44.7
36.42
37.48
7.53
-16.29
62.55
-31.51
-70.73
-26.29
68.67
0.85
-35.56
-22.67
-5.02
-8.26
-25.11
1.67
43.25
-34.02
-51.92
27.62
88.47
-20.82
-14.42
-51.31
-11.6
-5.08
-7.74
20.23
31.05
-0.68
-84.38
14.41
35.88
3.27
-66.06
-27.5
60.92
18.48
-74.54
-43.78
66.92
18.38
-15.26
4.33
62.68
31.74
-13.99
-23.06
21.76
24.56
23.35
13.93
60.87
81.52
-23.37
-84.8
44.15
15.55
-11.3
-39.45
-19.17
0.6
30.62
-58.99
-6.72
67.83
-13.58
-28.87
-8.83
45.43
16.09
-88.76
-45.85
37.04
-49.44
-29.17
-24.8
79.03
13.15
-43.71
24.27
32.71
53.71
-22.81
0.76
24.77
-7.71
-86.44
8.28
36.99
36.26
-12.99
7.93
23.98
37.11
-68.9
-44.78
55.93
-17.43
5.4
15.88
-3.28
54.17
-69.07
-55.09
21.07
64.81
-55.31
-39.4
25.25
-2.82
-23.12
-56.09
15.75
55.48
-39.93
-27.02
29.97
70.91
-44.22
-4.79
-23.59
50.87
-8.24
-6.18
28.86
6.26
-24.19
6.97
-23.95
42.05
-53.93
-28.73
18.66
6.65
-35.12
-78.61
-32.4
4.19
25.82
-8.04
-49.4
67.83
-29.37
-22.47
-27.23
36.88
10.02
-85.17
16.19
31.82
6.39
-72.21
-22.78
-4.25
-19.3
8.17
3.06
20.58
20.19
-43.57
-7.71
34.79
73.51
-49.08
11.53
-10.9
9.57
-59.98
-65.96
-17.22
72.71
-35.8
-78.54
8.87
49.58
-55.77
-7.15
7.88
49.3
-18.09
-2.05
-3.03
41.63
-19.85
-41.47
13.42
24.3
-18.56
4.52
-33.63
33.3
-41.28
-0.37
-24.52
56.57
38.11
-15.43
17.15
-7.75
-42.38
9.32
-24.22
38.62
-29.65
9.22
-35.67
42.43
14.61
-73.27
-53.57
44.73
-24.7
9.94
-8.67
63.16
-18.24
-83.1
-47.06
58.77
-1.7
-47.81
-34.76
18.14
54.83
-39.49
-16.09
60.86
-5.84
10.69
-68.76
69.33
16.84
0.11
-80.63
9.15
21.11
6.04
7.48
4.68
64.17
-15.73
-33.82
35.05
29.29
24.73
9.75
55.58
47.33
10.76
-4.62
-15.05
34.14
30.19
-25.86
2.57
67.93
23.59
-74.4
-43.92
29.41
20.23
-77.24
25.68
37.14
-28.8
-25.16
-11.93
64.57
36.09
-35.65
-5.91
28.45
-15.16
-68.64
25.68
14.87
2.26
-43.08
24.97
25.69
-19.16
-15.27
16.86
-3.12
54.85
-49.14
-17.1
-13.91
27.75
2.28
-65.68
-18.17
76.29
-9.43
-65.68
26.37
56.26
5.09
-58.37
13.82
11.28
-43.31
-9.01
-6.97
74.33
0.84
-80.3
6.67
21.39
-56.14
-25.18
-20.15
39.63
24.56
-31.7
51.59
1.16
18.39
-22.49
16.62
58.21
-38.19
-69.24
-45.82
64.6
7.23
3.8
-33.92
47.8
38.14
10.04
40.12
44.13
-14.54
-83.97
-44.13
3.33
-14.22
-68.51
27.78
-5.39
-21.46
-16.64
14.62
-12.04
21.14
-8.99
-15.69
65.11
50.1
-32.26
-21.35
19.55
39.6
-33.42
8.54
21.8
53.26
23.95
6.43
55.51
50.75
-31.03
-21.86
-20.25
17.37
-32.93
-0.85
62.56
-5.96
-40.9
-30.19
26.15
84.77
-3.51
-63.84
-15.9
35.82
-18.66
-44.1
-38.57
70.36
5.65
-64.55
-42.42
41.8
-40.9
-15.85
22
36.02
-10.63
-86.66
-13.29
54.45
30.75
-83.57
-60.36
78.45
-31.86
9.1
12.08
-10.14
33.56
9.5
-46.48
26.21
9.53
-54
10.96
49.86
35.69
-50.28
-3.26
24.92
-6.92
-45.4
1.05
44.05
1.91
0.13
-5.14
18.01
5.21
-12.28
-2.24
56.88
61.81
15.68
-69.47
-16.99
63.38
-8.15
-74.45
45.72
9.69
22.63
-43.68
3.49
52.19
-26.82
-24.69
-41.56
3.92
24.58
-81.22
13.91
8.1
11.57
-44.43
-11.94
3.28
-45.52
-14.62
-19.53
8.98
29.01
-66.26
-34.98
11.91
-9.76
-53.11
-43.58
36.19
3.95
-36.35
-47.88
47.92
49.36
-65.55
6.93
76.65
-0.69
-45.78
12.84
66.84
43.99
-30.16
-65.13
-16.31
-8.16
-66.01
-3.8
-15.56
32
-68.1
-29.47
22.24
2.13
22.07
-17.85
22.65
34.81
23.12
-47.88
9.81
13.26
7.17
-37.12
-16.12
36.81
-37.46
-29.99
51.44
15.55
-47.82
-23.73
9.13
-6.61
-47.19
-19.64
13.05
57.31
-17.71
-44.29
43.92
33.86
-12.93
-23.96
18.3
-6.47
16.65
-16.24
-60.75
5.18
-3.26
-32.37
-12.72
31.23
36.21
5.15
-16.85
46.08
64.08
14.42
2.04
35.41
13.63
-52.75
-6.51
42.16
-13.6
-69.53
-10.21
31.94
9
-29.4
-77.53
35.6
7.49
13.89
-38.32
68.02
12.13
-39.17
-25.32
45.99
11.25
-51.28
12.04
53.84
28.09
-43.8
-36.47
17.9
48.94
-37.25
-87.43
39.34
50.98
-10.29
-44.44
-9.14
47.02
-22.6
-18.5
10.81
36.07
-35.79
7.08
-4.4
72.79
28.69
-48.29
30.29
49.59
-32.7
-51.19
28.73
53.18
-27.15
-54.48
3.52
49.3
67.45
-58.42
-12.47
47.79
18.27
-42.31
-0.89
24.12
73.44
-24.4
-4.87
76.74
2.16
-6.88
-59.88
11.42
34.06
-18.86
-11.34
-7.95
-1.09
-29.76
-64.4
9.86
85.07
-62.97
-81.8
41.37
44.27
4.05
-34.05
-24.86
10.52
2.42
-39.32
-38.2
28.48
-8
-54.4
-20.07
83.12
35.47
-8.8
-17.71
71.24
28.34
0.27
1.17
44.84
-39.77
-82.01
-21.95
16.33
-5.75
-61.34
-61.05
62.36
-24.04
-84.88
-56.78
8.8
49.29
-27.66
24.41
10.12
11.85
-47.08
-52.42
57.74
13.19
-3.38
-35.53
33.81
57.1
-18.94
-26.12
47.12
-18.03
-42.43
-23.25
-24.16
63.55
21.48
-8.12
31.06
59.28
29.38
-65.61
28.54
70.09
-14.26
-81.19
-27.83
34.74
29.01
4.94
50.57
11.94
-55.83
-81.27
39.6
75.3
-31.07
-78.59
27.79
-0.08
19.16
8.08
5.05
25.72
-6.96
-82.8
-43.4
22.19
43.93
1.88
2.07
83.42
30.48
9.47
-35.56
8.81
57.71
-25.59
-50.93
80.81
31.67
-29.39
-37.5
68.51
-8.51
15.56
-47.37
18.56
12.43
14.89
5.13
63.64
8.02
-74.31
-65.83
21.19
39.64
-26.6
-47.3
-19.61
-0.05
-64.63
-70.38
26.27
47.61
-17.21
-86
-13.94
21.16
4.25
-32.5
52.46
39.42
21.25
-58.3
-6.42
66.18
-20.73
-12.72
-32.35
11.97
-25.75
-20.76
-45.3
55.92
-32.29
-5.15
31.67
77.69
28.19
-9.09
-14.01
58.12
-24.61
-68.99
-54.45
65.33
54.49
-70.82
-24.71
12.02
40.53
-27.59
-15.82
78.61
35
-3.79
9.29
72.52
57.91
3.1
-74.61
66.28
-4.43
-33.2
-37.94
-14.8
73.76
-26.11
-75.56
51.48
32.51
-24.56
-77.23
38.19
5.59
-29.58
-19.68
45.68
36.02
28.63
-48.59
35.78
35.73
17.44
-24.82
14.39
60.44
27.03
-18.47
-4.52
-3.03
29
-20.52
-13.27
82.69
26.71
9.62
41.25
20.86
54.64
-65.73
-32.4
78.15
-23.03
-69.9
17.58
48.2
20.37
-51.63
-11.43
64.38
12.51
-47.87
5.47
-10.3
-7.12
-79.27
-12.06
75.29
-9.25
14.34
-63.8
68.54
71.08
10.6
-22.65
13.7
21.79
1.83
5.02
32.14
10.72
-36.35
-14.23
2.57
34.66
-60.54
11.86
57.55
85.97
-4.16
-8.84
-3.63
80.54
-2.66
-47.44
6.61
67.48
-28.18
-24.16
-5.13
46.08
-36.66
-52.3
-45.41
66.5
-49.31
-9.95
-44.82
23.07
49.12
-53.02
30.03
78.22
10.74
-75.91
-52.02
76.78
-6.52
-81.68
-4.08
20.98
53.69
-23.18
-38.93
83.09
-20.19
7.72
-44.82
-15.87
8.52
-16.83
-51.68
-12.75
62.66
-40.72
-42.84
63
13.72
-53.25
-60.33
-17.82
21.66
-32.32
-44.76
-8.31
21.27
12.63
-14.99
31.56
71.82
16.24
5.81
62.59
78.82
-38.77
-26.54
-8.03
2.84
-46.59
-79.56
44.14
60.11
-36.55
-16.34
46.47
3
21.99
-82.05
36.16
-0.53
51.29
-19.5
16.86
84.31
-21.7
9.8
23.56
63.94
24.85
-47.23
-52.9
67.74
12.18
-38.12
-60.21
65.34
53.76
-19.51
-21.09
12.89
71.68
0.86
0.65
58.59
14.92
-62.48
15.8
37.03
0.59
21.66
-78.21
50.06
54.48
5.52
-2.96
-12.52
29.45
3.82
-2.43
20.74
2.79
-32.12
-85.7
56.81
-2.9
33.34
-52.3
6.72
45.52
-46.55
-41.95
39.06
28.36
-1.19
-3.92
44.32
-0.58
-24.17
-62.31
10.72
58.9
15.42
-1.23
-22.67
-5.83
18.5
-39.74
-11.66
78.69
20.02
-47.2
-50.49
-10.72
-30.49
-68.8
-56
19.34
55.23
-37.65
-45.81
71.64
20.12
-40.31
-41.88
16.4
-10.79
-57.64
-2.93
59.29
-11.55
-10.81
-12.05
5.78
2.19
15.31
12.71
-20.82
71.32
-18.31
7.53
61.28
70.5
-12.25
-30.85
48.4
12.32
-11.11
-82.42
48.78
71.17
-59.32
-25.39
43.16
30.89
-49.96
-88.47
-1.9
8.38
-46.88
-37.45
-43.49
52.91
13.57
-3.56
19.74
47.38
1.36
-76.82
-39.26
68.94
-41.49
-20.94
23.95
38.8
24.77
-28.66
-53.39
0.06
21.29
-1.71
-0.31
50.9
45.35
-12.75
13.29
28.4
-0.49
-75.64
14.09
0.4
17.4
-54.52
-70.69
-4.84
-7.42
-51.9
-60.42
53.7
17.42
-56.74
-27.17
19.29
1.54
-60.56
-32.62
-24.18
-10.07
-39.94
-54.24
64.47
6.02
34.05
-15.6
-13.85
5.06
5.76
-51.96
33
52.23
-2.52
-60.68
-17.01
20.92
-2.97
-63.83
13.79
4.13
-23.14
-38.11
-17.74
85.5
-4.29
-44.32
-44.74
7.62
41.4
-74.9
-52.3
5.83
-6.75
-82.89
31.64
50.7
29.85
-30.02
-65.85
18.43
0.59
-36.78
8.12
40.42
-4.37
-80.21
7.64
-10.22
23.78
-67.04
-67.58
17.93
-1.21
20.08
-0.44
55.71
78.92
-71.58
-54.22
43.85
59.27
-33.01
-71
41.53
52.58
-9.52
-67.81
0.54
32.81
-10.09
-67.86
-9.49
0.27
13.85
1.76
11.4
40.67
-50.11
-37.8
7.46
1.51
-45.51
-57.79
40.01
77.62
37.23
-80.74
20.82
64.19
34.27
-79.9
3.94
65.49
-11.22
-3.4
0.97
15.49
-17.07
-24.81
5.09
57.53
28.69
-27.74
1.09
25.27
-25.02
-47.31
-62.15
13.21
-13.36
-53.21
-44.1
71.85
44.45
13.37
14.5
57.93
81.7
-58.13
-7.57
-5.81
14.73
0.08
1.17
-18.93
58.09
-49.86
-9.04
39.02
21.09
2.1
-2.49
-34
17.16
4.33
-58.19
15.82
18.98
-34.55
-70.6
-1.04
43.04
-47.1
-63.68
-32.93
52.29
38.45
4.1
-21.76
76.39
19.48
-85.12
-51.13
32.95
-11.76
-84.85
12.94
28.41
38.97
-84.87
-27.06
37.9
19.52
-52.39
-60.9
16.32
42.96
-49.23
-63.82
74.42
11.56
-1.83
-27.42
33.67
56.54
-52.85
-16.42
25.61
51.86
-68.24
-39.59
23.16
71.96
-11.44
-41.34
-4.02
-12.64
22.93
-85.12
43.01
55.55
7.72
-68.91
5.34
4.98
-22.96
-15.84
21.13
21.47
-9.34
-3.3
22.46
9.73
-46.14
-44.47
33.56
21.79
-38.11
-13.63
17.33
65.27
55.26
-41.9
24.53
37.76
-8
8.3
-59.71
0.73
-5.78
-64.06
-4.89
24.44
-30.22
-75.12
-24.33
56.83
37.39
-55.8
-58.87
31.06
37.39
-39.04
-50.51
42.07
-13.5
-8.41
-27.04
29.56
58.53
-74.4
-60.01
15.8
35.52
-71.84
-34.8
17.6
12.01
-5.09
-76.16
18.56
-9.68
-48.98
0
-8.36
82.23
-52.09
-10.73
-15.43
82.04
-7.66
-63.68
-14.44
68.87
-40.93
-58.72
-28.28
3.86
21
-53.2
7.38
6.93
1.91
-4.75
2.02
49.56
-18
4.9
-59.8
6.13
13.03
-76.58
-50.04
-11.09
-6.13
-28.36
15.36
7.29
-1.52
4.81
-6.72
49.77
4.68
-7.63
-2.05
72.88
30.4
-48.14
-22.86
75.26
64.87
-43.58
-21.49
41.68
43.02
13.4
-3.96
-21.19
11.11
14.37
-32.2
-13.95
14.24
8.59
12.52
51.56
60.89
-17.35
-36.44
-1.51
2.95
-56.24
9.12
1.64
20.9
38.38
1.98
-2.56
61.96
-35.71
-33.69
19.42
76.22
12.38
0.35
35.47
47.02
-29.35
-57.41
5.77
36.24
53.08
-54.27
31.17
27.21
45.51
-50.05
-34.4
2.89
-19.33
-79.81
10.53
70
-15.53
6.39
17.16
61.23
40.91
-55.5
-71.94
68.63
1.93
-35.78
-76.83
-7.34
15.87
-46.23
-16.65
-23.55
72.08
-30.25
-40.75
-19.44
30.92
-54.72
-19.96
48.84
74.9
-46.43
-78.89
49.56
69.74
24.94
-60.88
23.13
12.23
-19.25
-64.86
-3.52
60.57
-43.41
-50.15
-3.36
36.02
-19.95
3.73
-31.63
18.66
50.24
5.71
-0.14
10.23
46.79
-82.52
-40.41
16.68
22.73
-29.66
27.23
64.14
-19.19
-4.78
-17.63
35.85
-6.31
-2.02
-63.4
31.69
69.95
-13.54
17.58
38.87
54.35
-45.03
10.69
-8.51
-10.09
6.64
-3.77
35.31
16.81
7.23
-34.61
-26.82
5.59
-8.35
-19.75
59.75
-9.3
21.38
-4.5
61.92
30.82
33.17
-47.82
25.18
-3.86
6.67
-84.25
49.06
29.95
5.46
-23.85
47.49
22.23
35.8
-0.9
32.83
33.87
39.78
-29.11
6.5
79.07
29
-67.61
18.98
50
-28.27
-56.86
2.79
43.27
-3.84
-81.15
-10.65
60.21
39.09
-50.51
-16.17
45.19
6.83
14.79
-52.75
15.27
22.08
-11.69
-77.23
21.29
21.91
-17.22
-31.38
36.11
29.45
12.27
-82.22
25.94
47.29
15.31
11.72
43.27
63.57
-31.45
-43.39
-10.69
-10.73
-8
-19.59
-37.61
45.1
0.97
-0.06
42.04
68.19
-49.21
4.76
-0.37
13.33
-36.96
-60.49
2.03
17.5
-2.67
8.94
-24.98
82.82
44.29
-44.35
-48.27
77.54
16.31
-36.54
31.55
65.88
-0.43
-10.06
-16.14
14.26
-6.72
-67.6
-63.05
74.84
-13.58
-69.19
-48.86
0.88
71.67
-44.13
19.37
66.83
46.45
-29.22
-54.53
-19.25
8.56
-31.01
-26.78
-6.35
63.21
-68.12
4.76
14.54
-7.91
-4.39
-28.07
-5.14
12.46
-40.32
-21.12
48.71
-3.86
8.85
-59.32
55.54
44.24
-49.09
-40.63
53.61
6.42
-16.03
-7.69
38.48
75.33
38.23
-17.63
38.71
36.15
45.25
-43.3
-27.02
20.13
15.54
-0.51
6.97
9.39
30.45
-47.13
-25.02
44.08
60.33
-46.1
-31.81
-7.39
59.45
6.86
9.74
57.8
70.35
-62.41
-59.27
22.58
68.82
-58.42
-50.28
27.23
27.24
-50.63
-46.65
69.56
60.92
-34.75
-18.7
54.72
11.07
27.1
10.82
26.69
-0.15
-45.45
-17.45
63.81
74.74
-7.1
-65.98
22.43
31.75
37.8
-75.16
49.55
62.61
-51.57
-57.24
-27
54.13
9.54
-78.7
-3.03
57.93
8.31
-37.48
-27.01
43.81
-8.85
-43.04
-55.12
87.25
41.63
-75.05
33.77
-3.89
2.42
-72.72
-63.63
53.9
63.08
-15.31
20.3
-13.72
67.28
-65.96
-42.15
51.68
12.44
-75.25
-8.07
57.55
57.21
-52.76
-51.31
46.74
-18.48
-51.72
-81.13
48.74
39.7
-30.65
15.02
-8.31
40.39
-52.44
-3.36
-34.25
43.32
-26.1
-41.95
-20.17
30.46
-38.57
-33.23
0.78
22.25
-9.25
-12.57
27.37
35.18
-27.08
2.83
-7.93
15.61
21.46
-3.32
-38.44
14.08
-9.56
-2.53
-50.92
20.43
-9.59
11.3
-54.73
44.91
-34.56
-29.12
-20.23
49.4
25.27
-37.18
-18.77
41.07
32.23
-25.17
-2.92
-9.1
28.52
-1.08
14.81
-7.62
12.91
-26.77
-24.83
-2.96
-14.06
22.3
15.7
56.17
19.17
26.71
-33.43
61.26
3.46
-43.55
1.59
19.06
72.27
10.23
-65.28
-25.79
55.81
16.85
-72.19
-35.46
65.46
22.74
-49.03
8.04
57.65
-32.04
-4.81
0.44
57.5
21.16
1.69
-9.74
82.62
-27.36
-58.97
-25.67
31.18
49.65
-72.1
-50.41
74.15
43.26
-56.26
31.23
21.05
14.75
3.39
-52.16
33.06
-27.55
-70.26
-24.66
52.14
30.13
5.08
-69.27
33.22
27.27
-3.7
14.44
1.31
9.18
16.53
18.22
34.44
-5.4
-19.86
7.49
65.3
54.5
-52.57
-46.08
-4.86
42.59
28.07
-58.71
5.21
39.49
-35.73
-14.59
15.41
20.39
-24.47
-84.69
42.8
36.32
-47.91
-50.5
-42.08
71.79
18.2
1.67
32.79
55.83
-2.64
-12.25
29.99
80.62
-10.66
-11.96
-14.24
77.46
-0.51
-37.38
-60.83
59.58
35.69
-47.76
-56.21
7.78
47.95
-80.83
-11.05
55.39
9.53
-41.13
11.15
29.77
26.68
-42.21
23.17
51.71
69.91
-35.99
-49.71
-3.94
22.32
8.74
-5.57
61.5
10.33
-32.55
-62.51
26.42
-13.59
-2.24
-48.09
-24.04
68.62
24.59
-41.3
31.89
65.95
-36.75
-41.38
41.93
-7.75
1.64
9.12
37.52
25.79
40.5
-66.91
-14.84
81.6
14.49
-60.35
-46.18
29.11
53.9
-71.05
-7.08
83.98
-27.05
-37.76
-45.42
80.61
61.82
-41.85
-13.51
53.3
9.9
-63.16
-54.49
54.83
-27.85
-54.66
-7.79
75.92
4.75
-46.72
-25.62
48.67
65.77
-56.52
-8.97
22.68
45.72
-67.9
-75
-8.54
42.96
-21.46
-43.81
34.1
76.91
16.91
-49.09
42.13
72.73
-38.41
-9.42
1.74
32.85
20.98
-5.3
11.17
29.73
-25.18
-72.02
31.1
79.76
-4.41
-86.68
35.82
10.5
-16.34
6.75
27.4
8.74
14.31
-14.96
14.18
88.78
16.1
-46.42
-45.86
3.24
-33.92
-49.6
-14.84
30.74
14.11
-25.64
-34.39
74.64
10.25
-44.97
-22.31
-1.03
23.74
-74.81
-56.55
14.9
75.28
-19.95
-67
37.67
17.41
-35.43
-10.19
8.88
59.5
-33.37
-70.25
-0.08
40.7
16.43
-70.08
1.28
78.21
-17.15
-67.14
-18.51
85.68
-5.77
-65.21
17.99
70.69
-43.13
-27.63
-41.89
20.45
18.8
1.39
26.8
49.92
-28.71
-41.63
11.16
71.81
-41.02
-33.49
7.11
26.62
20.63
-15.78
14.11
-8.44
-6.82
-73.18
-57.91
84.15
17.47
-57.26
-25.39
61.83
62
10.85
-57.74
75.28
20.27
-6.72
-64.15
16.61
27.3
-8.24
18.72
35.42
19.33
-0.73
10.21
56.37
1.26
6.49
-77.91
-22.13
56.05
-10.19
-40.43
-13.86
11.11
29.53
-51.19
24.7
-1.02
-18.69
-0.34
10.23
85.55
4.3
-3.19
-27.47
5.91
-36.86
-11.36
-24.79
9.42
11.68
-81.2
45.58
19.97
-31.52
-26.29
-19.15
6.09
16.97
-76.05
17.35
1.68
45.89
-40.03
-42.25
55.25
34.17
-0.72
-45.74
38.8
64.66
-8.62
-53.51
-12.39
56.53
-51.55
22.11
24.91
42.25
9.96
9.23
-6.69
20.09
-28.7
-56.76
60.36
30.48
-7.78
13.61
-20.26
1.97
-53.08
-2.73
-2.97
24.03
-6.88
8.88
53.58
35.79
15.81
-3.22
34.64
51.92
-2.11
-7.89
7.7
29.48
41.08
4.37
35.35
5.21
18.02
-31.52
-30.93
25.28
-11.61
5.46
39.72
49.04
-2.41
-0.86
-15.82
-5.05
29.56
-78.77
-58.86
24.54
31.23
-76.7