8.19
-38.89
56.34
53.54
52.12
-14.29
22.34
42.98
54.53
83.54
48.34
41.58
80.6
-4.24
-2.92
56.69
48.25
-25.25
28.27
3.85
-26.92
-24.17
-63.07
18.82
-32.74
-47.95
-83.52
-74.07
-43.77
-33.09
1.33
-29.24
-45.42
-6.18
2.22
38.85
1.52
42.06
-34.98
59.38
40.78
9.04
29.09
-1.02
16.29
65.24
47.78
88.26
56.76
-16.98
22
46.51
50.79
-18.82
2.8
-24.54
38.08
-34.11
-44.89
1.8
-45.98
-84.75
-30.87
-65.6
-78.07
4.44
-49.7
10.05
9.93
-63.96
25.42
1.55
-0.12
43.72
11.1
41
-11.23
59.93
-12.19
77.77
-8.95
39.26
55.93
85.9
3.6
10.5
39.73
45
27.82
-15.06
-17.27
31.56
32.91
-30.48
14.43
-46.45
-77.88
-26.54
1.68
-13.61
-54.43
7.94
-32.68
-1.26
-9.22
-39.47
-26.09
32.18
-18.72
-40.91
-19.48
-0.99
-15.92
70.36
29.16
27.66
49.12
28.58
87.31
29.01
50.91
77.94
-1.55
62.39
-21.65
42.54
-10.02
-40.11
-48.2
-45.78
3.33
-70.31
-33.96
9.39
-71.85
-32.16
-78.41
-63.54
-9.49
-64.74
-8.53
-53.29
17.41
-59.93
-56.77
-42.98
3.69
-10.16
48.97
52.63
58.39
-5.67
-2.73
70.16
-6.68
42.32
82.92
28.61
56.59
-15.28
72.19
38.57
-32.93
-13.71
9.77
-51.98
-5.05
-45.31
-77.19
-44.05
-33.47
-87.48
-6.29
3.81
-87.6
-67.76
-54.8
-24.34
6.94
11.48
26.79
-12.74
8.53
3.21
16.18
60.36
-9.39
65.18
9.08
70.64
44.53
80.13
24.24
-6.93
9.43
66.55
-3.49
67.35
33.1
17.2
32.36
-42.36
-51.47
-43.36
0.83
10.66
6.49
-81.93
-63.79
8.87
-49.24
0.77
7.56
9.38
-39.6
-43.86
-29.43
27.31
9.7
30.08
-5.4
36.19
49.48
28.39
49.97
-1.32
-0.15
75.91
22.22
9.22
34.62
34.19
26.53
-21.48
14.03
50.11
-3.72
-53.15
17.71
-17.95
-39.64
9.49
-47.86
-19.08
-86.42
-29.47
-38.93
-79.14
-16.41
-14.59
-40.35
-51.19
-42.77
17.82
-2.47
23.84
2.43
66.35
0.42
22.37
-1.16
26.18
6.42
7.22
70.02
48.18
25.6
-2.79
71.36
-24.04
48.46
-20.3
38.66
41.34
36.45
-14.61
-33.56
-5.48
-75.37
12.74
-31.45
-61.98
-81.86
-52
-42.53
-22.71
-70.53
11.62
-33.07
-0.92
-21.8
-31.35
-35.79
2.22
20.21
34.33
33.53
47.45
55.12
22.31
53.72
-2.79
30.06
41.81
55.44
61.66
-22.58
-5.23
45.9
-35.1
-33.29
5.68
-7.17
-30.52
-52.65
-43.36
-65.22
-73.47
-43.11
-61.5
-52.89
-18.43
-46.18
-59.5
-36.92
-25.58
-37.78
10.8
-0.06
-14.35
3.01
38.26
63.09
-2.71
23.93
31.01
79.32
82.65
84.9
25.37
42.47
56.14
30.6
-11.89
14.28
43.05
-38.23
-44.22
-8.2
-40.01
-17.81
9.54
-8.36
11.16
-7.58
-7
8.09
-81.43
-66.31
10.03
-63.11
-2.18
14.93
-37.57
38.3
-33.27
5.15
63.5
40.54
56.07
84.01
34.11
54.95
69.74
63.96
82.74
50.32
-0.26
0.58
58.59
-16.82
-12.26
-49.85
40.26
-22.88
-52.52
11.1
18.62
-20.97
3.32
-89.07
-86.57
-50.17
-86.35
10.28
18.47
-48.1
22.39
23.77
-24.17
-8.89
-4.91
-4.58
15.72
38.81
68.76
6.31
7.24
74.52
59.07
28.79
18.41
-1.52
74.69
65.6
-4.04
-11.81
37.3
-6.77
31.06
19
-8.79
12.4
-15.3
-0.38
1.04
-28.94
-69.66
-51.99
-59.36
-12.13
4.1
-37.59
-2.35
-4.13
9.89
5.56
-3.09
-34.38
-29.56
-7.51
-13.54
-12.07
41.91
80.94
49.59
63.72
74.39
52.54
-8.62
47.03
37.86
-30.52
-31.11
-24.26
30.16
-37.14
-37.09
-24.88
3.53
-9.11
-4.12
-24.28
-89.38
-37.86
-60.65
-16.92
-7.81
12.02
-9.97
-36.96
-47.61
-15.66
-10.42
9.57
32.45
43.82
24.66
80.38
27.18
9.49
57.71
-5.91
59.21
46.58
5.66
-19.69
3.2
-30.44
39.21
-41.07
12.89
-52.06
-45.7
-19.25
-73.09
5.2
-6.24
-39.62
-19.87
-2.86
-86.58
-74.71
-36.88
15.75
-27.25
4.44
3.46
-15.73
35.44
9.73
43.59
53.28
40.81
49.88
10.38
60.34
39.85
4.88
66.78
61.39
11.07
49.26
17.4
50.12
61.62
49.56
-19.16
41.41
-59.03
-41.38
-43.86
8.82
-25.3
-60.5
-38.08
-40.73
-69.93
-60.35
-50.14
-34.26
-11.02
-9.72
-23.46
37.36
-31.1
8.84
12.43
23.03
30.34
-17.77
34.74
11.96
4.76
81.79
13.7
50.58
19.69
48.41
74.87
63.73
42.05
-33.17
-24.95
17.95
4.22
33.49
-36.95
16.37
-78.25
-33.03
-67.55
-59.34
-67.15
-63.61
-20.31
7.39
-15
19.36
-36.52
-18.24
37.47
-26.98
-6.25
55.07
18.07
-19.24
-7.71
3.06
47.84
26.57
27.9
63.53
10.44
73.05
67.74
-6.41
5.49
-15.88
32.21
-41.14
21.21
-51.52
-31.95
-21.93
-51.15
10.23
-20.75
-59.81
-71.67
-9.87
-74.86
-73.06
-57.82
-69.29
-41.08
31.34
-14.31
25.75
-13.17
-32.84
23.15
-15.58
9.55
22.11
32.99
49.28
6.11
-1.11
54.77
8.02
46.62
-12.58
44.03
2.72
-30.92
10.24
-8.39
4.64
-43.19
-71.9
10.06
-74.59
4.43
-78.81
-35.15
-80.51
-59.56
-49.81
-66.6
-1.06
-41.03
-52.2
0.43
45.29
-29.15
23.56
-26
1.28
19.13
32.42
57.85
49.93
53.42
83.68
53.73
22.75
18.21
2.7
19.3
53.59
24.4
-7.69
13.33
-49.88
9.98
11.85
8.63
-10.43
-63.13
-26.19
-27.82
-42.37
-58.62
-20.46
-5.21
-60.04
-46.9
-34
1.03
-2.95
-8.05
35.26
8.08
-1.69
74.96
54.79
-6.18
35.21
51.1
64.09
8.34
-5.91
72.09
59.51
-7.47
10.75
58.06
56.24
7.33
-53.67
-18.04
24.45
-55.69
-73.93
-50.39
-27.16
-86.47
-36.73
-13.21
2.71
-7.26
-53.09
6.35
-5.15
4.02
-5.6
-1.23
-3.03
56.77
34.09
67.59
36.71
22.45
-11.04
14.69
48.29
24.02
56.13
40.06
-12.56
75.52
2.77
30.61
50.81
-8.87
-14.14
-11.18
17.86
12.12
-7.07
-73.09
13.25
-77.88
-89.21
-2.47
-30.91
-36.93
10.54
-77.78
-22.12
-66.17
-55.48
-22.63
-16.12
5.29
61.12
15.71
22.02
24.33
-0.26
54.97
44.26
46.66
-5.1
81.62
-5.38
78.13
31.33
-5.05
-11.69
0.64
36.5
-43.08
-8.69
25.36
-37.19
-21.49
12.86
-53.06
-80.37
-9.35
-13.51
9.83
-12.26
13.26
-34.74
-6.58
-23.64
26.15
19.51
39.42
32.79
60.12
-22.84
42.24
-10.56
4.67
2.76
49.9
85.22
32.07
22.53
73.94
72.25
19.18
-8.92
29.74
13.72
25.92
-39.63
-37.81
11.98
-74.2
-76.77
-80.88
-66.76
-77
-6.7
-11.43
-49.26
-55.25
5.64
-13.79
0.82
-48.02
-45.97
46.2
15.79
39.55
60.58
18.98
-4.7
-4.78
49.15
53
54.76
35.14
16.41
4.65
-3.07
-23.05
12.88
48.14
-45.7
-33.21
-41.25
26.02
13.56
-35.17
9.55
-51.71
-68.67
-58.36
-1.63
-8.48
-5.46
-37.8
-15.96
-11.87
-8.59
30.12
-52.68
17.98
27.18
-32
53.12
27.59
-3.13
-3.66
86.89
60.34
89.49
0.69
9.39
39.99
79.62
-6.75
13.87
52.6
-24.67
20.34
10.48
-16.83
-56.91
-74.48
-52.48
-41.19
-31.35
-80.56
-30.89
1.58
-74.72
-51.12
-68.03
-35.96
-16.48
-50.95
-37.1
-44.92
13.82
2.99
14.47
-9.31
3.3
39.96
75.06
56.52
73.44
73.58
19.1
50.03
6.62
38.13
45.3
2.64
-37.59
-5.93
-4.84
10.77
-0.38
-29.49
-38.14
-69.81
-79.57
-87.31
-32.73
-69.29
-5.79
-25.73
5.55
-30.75
4.89
24.72
33.92
-28.14
5.5
-6.98
48.44
48.2
-17.31
46.89
78.12
19.59
45.1
83.93
71.84
7.61
-12.39
15.54
48.26
63.3
42.6
5.61
37.6
-45.2
-22.17
11.1
-51.8
-76.38
11.49
-2.46
-50.42
-57.74
-37.88
-57.31
13.21
-71.59
-50.11
-17.35
-45.54
-52.27
-36.63
1.32
39.66
-0.8
67.05
13.36
11.27
6.51
47.79
33.82
53.79
-1.91
-3.53
3.64
53.08
4.31
7.85
50.18
-49.91
-13.85
-4.8
-29.95
-22.33
-6.75
-70.24
-1.48
0.86
-84.79
-5.86
-59.89
5.41
-67.75
-16.94
-61.64
5.31
9.84
5.38
0.37
44.2
36.69
-16.35
2.21
30.4
-0.45
19.2
45.85
-2.46
70.75
11.5
77
29.3
-12.82
47.06
-34.22
-17.88
-35.47
-41.04
-39.52
16.31
-44.98
-68.36
0.13
-20.24
-66.91
-4.92
-42.56
3.27
-55.16
-44.82
-65.91
-13.45
-51.7
-21.09
11.4
-15.22
65.84
34.65
70.98
40.83
32.47
18.97
-8.41
60.45
18.75
65.88
78.57
78.99
-13.65
-14.12
59.2
-20.31
-28.98
1.55
-16.64
-47.43
-59.37
-37.52
-69.67
-78.08
2.09
-66.78
-40.49
-66.81
4.22
-66.19
-68.34
3.63
-54.47
3.61
44.57
37.99
52.76
50.57
11.77
77.47
66.31
53.11
40.83
-5.86
68.53
67.27
10.28
12.13
75.13
5.63
-24.8
-1.32
40.72
-42.03
-9.81
-47.35
-3.08
-24.85
-17.24
-19.41
-81.54
-81.88
-16.74
-52.02
-31.42
-19.48
-71.78
-25.75
-56.25
8.39
35.41
-31.88
-32.19
58.7
-14.38
8.77
76.78
63.13
86.2
75
0.91
80.44
1.73
43.59
72.31
63.6
-6.67
54.32
41.75
-36.09
-13.05
1.38
-5.22
-75.43
-65.5
-38.26
-42.98
-77.87
7.22
-21.15
7.85
-81.07
-57.28
-10.98
19.36
24.59
-29.02
-23
32.05
50.01
-15.83
51.5
37.74
22.77
-9.59
4.21
86.26
21.8
35.86
57.51
18.33
9.1
2.28
-35.34
31.42
-3.79
-54.12
21.25
-61.67
-60.13
-59.69
-82.23
-59.91
-79.99
-45.48
-18.2
-50.51
-4.88
-62.34
-37.05
21.83
6.35
-27.8
-24.25
-2.54
2.4
-27.29
52.56
-11.17
75.26
46.25
87.87
27.57
-6.64
53.62
46.8
-5.22
16.65
30.76
7.11
-14.47
39.01
9.95
36.19
-12.33
3.61
-43.97
-56.38
-62.95
-6.44
-28.13
-68.09
-74.01
-58.85
-10.56
-60.9
-33.45
2.24
-42.8
30.58
36.32
50.85
-12.5
44.14
-11.5
17.55
-4.81
9.39
54.77
0.19
58.21
19.67
12.7
71.22
60.96
44.54
-30.34
33.45
-24.36
15.71
-11.87
-13.52
-1.41
-43.25
-59.36
-11.65
-89.19
-26.63
-85.13
-81.13
-1.31
-70.54
1.98
-37.76
-14.24
43.46
-29.88
48.51
60.32
-18.09
43.02
8.56
82.29
3.1
-7.92
29.67
23.06
53.68
78.8
57.2
-5.45
64.07
22.16
21.74
-5.23
17.08
-44.07
-2.9
-42.58
-60.94
-34.62
4.14
-66.04
4.02
-65.54
1.97
-75.47
-64
16.61
-9.44
-12.43
28.37
-13.59
-7.12
-28
-18.2
61.05
52.51
59.57
66.95
6.87
39.01
41.15
6.56
26.49
16.62
-18.83
41.97
3.2
-14.26
2.38
32.8
-36.4
-44.42
-18.96
-18.33
-19.51
-54.02
-6.27
-38.17
-32.02
8.45
-16.22
-47.08
-2.99
24.81
13.31
-37.14
44.66
50.26
-10.03
65.38
4.91
-5.42
78.9
-3.47
66.94
39.13
41.94
86.19
78.58
49.12
34.25
0.57
20.81
-0.06
45.22
14.87
39.49
2.08
-41.47
-25.88
-28.65
-49.98
-65.56
-2.38
-31.11
-51.03
10.32
-12.55
16.19
-50.01
11.21
31.51
-4.23
28.96
-24.18
-35
-5
12.31
47.38
0.09
45.39
8.54
61.67
55.92
41.78
70.1
31.47
-0.51
-6.13
-30
52.29
-40.36
16.11
-43.17
26.92
16.32
13.88
-73.46
-74.34
-45.83
-65.14
-39.32
0.3
-58
-7.45
0.54
4.42
12.12
15.32
43.56
3.94
43.9
-12.23
11.44
42.26
59.53
8.04
84.76
57.87
36.37
80.54
11.39
62.57
-9.52
39.45
34.97
-31.11
-43.23
-47.41
-49.97
-61.94
4.99
-37.94
-32.66
-5.31
-44.01
7.26
-6.15
-79.15
-63.25
8.66
-3.29
-23.53
-22.04
9.49
-38.94
39.12
-36.23
52.49
49.96
8.3
30.7
-0.38
-6.21
23.23
31.08
56.55
-1.49
16.9
16.13
-2.97
18.84
28.69
26.62
33.07
40.99
-30.97
-48.94
-4.13
-36.93
-54.12
7.34
-21.36
-54.77
-51.76
-77.67
-46.46
-43.47
1.11
-9.62
-2.3
-0.17
32.05
13.95
1.92
50.09
58.36
1.71
65.65
66.18
22.48
88.73
87.97
41.93
68.04
5.25
38.39
-10.65
-21.64
24.23
-47.27
39.01
-1.98
-4.89
-57.18
-0.37
-61.35
-76.87
-39.72
-71.56
3.28
-1.43
-73.09
-75.85
-35.54
6.58
-40.93
-3.48
18.77
-10.59
42.78
21.11
46.29
54.92
30.15
-0.82
32.68
47.1
84.74
66
59.62
-1.68
-10.7
-5.58
65.33
-16.34
-17.49
4.19
24.32
-28.49
-27.6
-58.66
-9.1
4.75
-64.65
-1.74
-4.44
-6.61
-80.41
-81.94
-42.71
-22.57
-38.68
-31.56
-10.94
-3.27
54.59
-1.37
0.62
-12.22
55.08
4.06
25.26
66.41
88.8
2.09
38.73
60.56
69.83
30.67
11.29
47.71
31.02
-47.91
-45.79
23.54
-68.65
-14.81
-56.72
-35.14
-18.33
-81.37
-52.8
-28.5
-22.26
15.42
-52.72
-43.88
-55.07
35.3
29.47
37.4
-42.2
30.83
-13.5
46.77
0
49.35
-4.9
47.17
42.18
63.11
61.58
52.16
-2.33
34.81
-24.63
3.03
42.15
-40.32
-29.21
35.2
24.88
-45.01
-78.19
-22
-33.61
-61.74
5.46
-81.64
-74.7
-71.69
-42.38
0.96
-50.05
-11.99
-30.21
1.6
-39.6
2.45
53.43
-0.13
50.14
-7.95
76.46
4.69
28.93
-7.48
68.83
69.15
38.3
-15.16
0.57
39.53
42.88
27.42
21.92
-30.06
-24.92
-50.03
-76.59
-73.37
-3.76
-58.08
-55.98
-57.95
-87.54
-64.37
1.56
-51.56
10.9
30.04
-9.09
-5.2
25.02
25.49
4.03
-6.75
43.84
11.22
5.92
53.62
59.73
61.58
58.74
-9.43
54.32
68.88
45.37
-10.89
43.1
27.58
-3.97
24.26
29.57
2.2
-61.58
-9.84
-2.43
-63.21
-26.02
-44.99
-25.36
-74.96
10.86
-8.24
-1.77
-61.53
-11.09
-18.06
-11.07
39.19
36.68
19.2
25.87
-4.76
32.03
77.06
-3.44
48.61
6.91
18.94
46.94
50.93
27.8
41.28
-15.2
37.91
-17.32
2.95
-12.53
15.39
-44.76
-52.93
-4.33
-39.13
-23.67
-68.81
-20.39
-62.66
-18.06
-51.14
-14.31
-57.81
8.34
24
-46.62
25.83
-8.71
66.73
52.87
12.62
4.29
55.04
-9.99
84.26
40.34
17.05
8.32
31.28
0.01
65.47
13.95
8.33
-2.65
-48.81
-2.82
5.01
-57.58
-18.69
-28.52
-4.79
-25.3
-60.49
-76.35
3.83
-11.98
-14.69
-70.15
-54.81
-68.37
34.54
-16.78
-17.09
-3.61
59.74
30.77
53.75
-15.88
66.58
-3.59
54.99
27.27
-6.38
59.75
-10.52
2.39
-10.2
11.36
-14.72
27.15
14.65
0.39
-9.31
20.83
-9.09
-3.91
-30.89
-21.07
-63.38
9.6
-57.6
3.18
-16.97
-51.72
-33.84
-36.79
-1.84
22.5
-23.09
42.8
44.8
16.77
72.33
76.01
9.1
60.2
13.92
8.85
8.98
67.04
38.9
36.39
4.3
-23.06
6.01
24.13
7.8
-0.86
-50.8
-30.07
11.71
20.68
-63.47
-12.28
-78.55
-89.48
-58.32
-8.99
-0.66
-38.23
-46.09
-71.67
16.3
-9.42
-21.15
-29.21
4.8
44.79
16.96
-15.32
14.15
72.74
29.7
53.22
72.78
74.27
38.54
45.23
37.29
21.55
10.3
57.72
52.5
38.07
38.19
-19.5
-70.66
-0.15
-52.49
-31.09
-40.26
-72.46
-77.29
3.23
-57.67
-50.67
-1.17
-30.7
-8.74
-27.69
-0.51
20.62
-41.37
-33.61
17.41
-23.57
41.63
12.05
76.79
48.43
35.95
69.79
30.98
80.37
46.96
36.78
6.68
-5.56
-41.1
22.8
-6.41
7.55
4.09
0.5
-41.49
-16.35
-71.59
-62.85
-17.48
-79.81
-0.33
4.93
-65.96
1.28
-60.73
-42.94
-16.03
34.04
-23.37
2.59
18
-10.32
29.86
10.05
30.27
60.55
20.47
47.59
49.65
71.03
5.06
59.69
-16.2
29.92
14.91
35.02
13.8
-42.93
-31.86
23.08
-59.63
-30.15
-84.71
-27.56
-24.56
-73.15
-72.46
-75.07
-64.87
-64.5
-0.3
14.19
-55.94
23.83
-33.47
26.13
-2.76
20
26.87
-14.88
64.29
32.37
31.72
4.7
32.46
-3.44
-3.56
73
47.38
5.05
11.03
-4.77
14.21
-5.31
33.99
-39.23
11.42
-71.54
-53.3
-69.79
-76.24
-83.77
2.85
-48.19
-81.15
-44.96
-8.91
-53.82
13.38
-19.04
14.19
7.06
47.52
0.3
30.28
25.18
30.53
38.1
25.36
32.25
82.8
-4.65
29.13
-3.16
65.63
-8.53
31.49
49.13
25.78
10.61
-60.11
-62.21
24.75
-50.68
-34.93
-71.72
9.71
-68.52
-36.42
-32.69
-70.19
-74.54
-20.8
-59.6
31.56
-3.19
23.88
-30.53
-36.02
-10.99
47.28
6.78
19.24
23.63
24.01
71.11
32.02
47.67
66.63
0.15
68.06
-17.58
58.69
-2.16
30.06
-52.88
-25.42
-27.47
6.57
12.93
-49.01
-6.1
-34.52
-38.24
-22.71
-45.83
4.04
13.36
12.26
-14.43
4.86
21.98
-30.4
-2.86
47.29
28.75
17.6
55.21
59.6
0.79
-8.29
29.04
60.6
1.91
64.48
31.33
-2.42
39.57
12.95
38.08
34.75
2.78
-3.85
-24.26
-47.03
-56.61
8.28
-57.2
-50.65
-45.92
2.1
-49.41
-75.71
-15.26
6.71
-62.82
12.12
-30.68
-0.6
-45.93
8.43
45.34
-19.32
-21.9
77.76
51.97
1.41
39.73
65.03
68.92
12.09
26.57
9.33
4.52
47.02
-10.84
47.48
20.11
-48.87
-20.63
-33.99
-66.47
-16.42
-65.36
-35.58
-4.48
-32.61
3.95
-76.65
-11.61
-15.15
-15.12
-4.16
-52.75
-39.2
-48.85
28.38
15.67
60.71
-6.8
36.41
64.75
85.6
86.79
45
15.27
-6.77
4.3
-1.43
0.61
-7.84
61.13
-30.59
-34.66
16.32
24.64
-62.43
-21.9
-2.93
-24.9
-2.82
-12.52
-40.87
-35.35
-49.24
-24.81
-38.81
7.84
-29.65
4.3
37.01
32.31
32.94
26.15
5.87
32.86
-14.28
13.73
20.85
72.78
85.14
-2.61
13.48
44.63
47.37
77.11
33.27
-5.38
-11.71
3.59
-11.27
-11.5
-57.53
10.78
-16.43
-55.04
-78.25
-35.61
-80.8
-15.87
-14.88
-41.65
-50.3
-78.28
-33.13
-5.71
7.44
-52.84
-51.08
45.77
-31.96
65.5
50.95
-17.52
51.12
82.6
10.57
30.93
29.42
18.47
68.12
48.68
39.89
3.67
37.41
3.5
-30.75
-20.36
17.72
-1.57
-50.83
-2.02
-7.66
-43.46
-65.35
-28.73
-9.06
-3.46
-8.47
3
-62.65
-58.28
10.33
-2.23
-41.36
34.23
-17.94
51.83
17.01
20.51
45.79
17.96
52.93
-8.7
4.28
68.38
-4.7
44.43
-2.68
36.48
13.72
0.92
-31.64
-50.52
16.43
-29.72
-51.97
-5.01
-58.69
-61.25
-64.84
-60.38
-54.93
-69.81
-38.5
-44.97
-29.58
-56.21
-7.27
17.93
-36.81
27.79
50.17
-8.5
7.46
62.42
65.96
53.55
37.89
0.99
-5.4
3.05
-0.71
60.51
-10.92
27.09
-23.11
16.78
6.72
-30.51
37.16
3.54
-16.23
-25.53
10.96
-45.74
-43.39
-62.94
-18.64
-38.97
-66.42
-36.9
-58.73
-18.02
21.63
-39.06
-50.14
14.01
9.74
-34.7
-26.62
44.35
41.81
50.74
17.38
34.51
87.46
33.88
19.86
51.41
58.26
-17.7
29.57
38.8
-39.3
-29.68
-20.44
-5.59
-14.47
-28.33
-9.19
8.13
-34.12
-27.25
3.59
8.26
-14.33
-33.63
-43.45
-50.09
-4.45
-5.53
-51.85
-45.18
20.82
13.98
-5.02
18.36
-18.94
43.35
10.71
74.73
34.92
87.06
16.55
16.95
44.01
58.19
-0.67
-17.01
61.63
45.79
-11.08
-40.13
-12.68
-12.84
-16.51
-60.59
-83.08
-4.39
-28.21
-46.37
-43.84
-48.47
-27.39
-53.13
-4.01
-6.89
-17.35
-46.79
46.75
8.58
46.98
40.41
16.15
70.76
45.56
-7.27
25.94
82.61
55.53
-5.06
16.92
52.32
40.27
68.98
-9.19
16.72
15.6
-10.13
-22.38
4.78
-31.46
17.89
-28.41
-14.36
9.32
-66.68
-19.63
-67.88
-49.63
-29.43
-22.41
-0.58
-46.02
-44.26
-11.78
-25.15
2.29
66.87
-22.52
-16.42
59.36
43.31
56
43.89
3.65
10.46
47.97
32.51
-17.31
11.99
14.43
-4.09
-19.71
40.05
26.92
14.73
-39.59
3.44
-6.63
4.19
-32.61
-34.51
-86.3
-81.64
-50.07
-55.93
-45.45
-47.05
-66.75
12.91
-43.41
-46.04
-31.84
-12.03
52.69
34.49
75.82
11.22
28.37
25.68
10.74
64.91
25.59
61.46
20.81
29.39
48.54
22.04
9.36
19.93
-56.09
-31.54
-11.79
-73.57
-0.26
8.5
-11.66
-28.39
-15.81
8.27
-67.22
-22.68
2.42
-25.61
-63.96
-54.71
-10.98
39.19
49.97
54.66
-7.99
-23.92
-11.71
68.8
72.68
11
1.34
66.49
-2.04
53.4
79.63
35.09
7.37
3.22
-34.54
-34.41
-21.99
23.09
22.44
-10.92
16.1
-15.88
10.28
-59.63
-67.87
1.28
-28.07
-68.38
13.45
-16.39
-17.89
-32.02
25.69
-35.25
51.02
-11.62
5.16
8.72
72.26
66.04
72.17
17.04
-8.3
4.93
35.3
43.97
29.49
14.7
-17.44
-16.8
-33.85
-30.65
5.92
2.04
-17.08
-70.92
-55.48
-48.57
-19.12
-32.36
2.44
-39.42
-9.4
-55.94
-46.59
-3.03
-40.83
8.41
-47.12
-33.63
-24.09
27.34
-28.96
36.9
-9.45
65.79
72.34
76.08
60.09
69.97
34.84
56.95
-1.68
-0.57
-15.54
47.81
52.75
-27.38
-7.58
-30.55
8.06
-12.65
-20.65
14.47
-21.78
-8.62
-5.99
1.14
-7.17
-4.63
-82.57
6.32
-59.42
-26.8
-22.75
-48.71
41.29
3.75
-30.78
47.59
23.47
25.93
-8.85
55.97
9.05
27.76
56.45
68.36
34.43
74.3
16.7
45.96
13.11
36.62
16.69
2.12
9.88
15.33
-2.29
-37.16
-76
-5.54
-19.27
-53.04
2.89
-13.98
13.31
12.64
-47.09
25.52
-43.4
-34.86
35.43
-29.94
-21.5
46.02
32.83
34.32
17.88
40.23
66.43
34.69
27.52
63.73
-8.09
5.2
-16.67
34.72
61.15
-21.89
50.43
-39.72
30.05
28.31
17.55
-20.68
-44.83
-43.79
-10.79
-3.06
-31.66
-61.16
-51.36
-14.5
-47.91
-25.2
-61.07
34.7
34.36
49.95
18.42
42.7
3.51
68.44
39.45
25.94
34.88
67.77
19.2
54.72
27.09
41.07
-2.43
13.6
-26.45
40.64
-42.43
30.63
-48.46
-29.71
25.23
-38.42
6.64
4.84
-35.03
-76.24
-81.46
-1.12
-57.02
-79.34
-21.33
-42.89
16.05
-2.34
-29.63
45.97
-34.98
53.73
-5.14
-25.02
14.48
48.59
9.82
-4.61
76.23
28.45
23.38
70.89
16.85
1.14
-7.28
-26.38
-0.21
-5.76
-15.52
-40.63
-29.85
9.68
-8.17
-19.44
-0.39
-5.85
2.84
8.08
2.49
-62.49
-21.39
-47.57
-59.43
-55.32
-51.51
32.86
23.06
-22.3
39.35
65.53
-9.57
54.88
-6.41
75.51
-0.79
88.13
59.31
58.94
78.55
0.77
73.49
51.35
37.59
19.46
-10.32
-48.08
15.5
-23.53
-27.8
-74.76
-5.63
-2.55
-24.02
-40.85
-60.38
12.31
-0.67
-6.16
1.4
-30.08
-45.6
35.64
7.95
-20.7
62.88
-28.82
49.38
54.01
64.59
66.58
3.75
36.16
64.67
69.76
36.17
-1.33
12.16
-28.56
55.52
-31.83
48.76
-20.19
-17.89
-11.56
-60.74
-32.64
-3.08
-47.9
-33.82
-4.24
0.22
-78.67
-57.4
-54.32
-17.05
-3.04
-2.07
29.34
-21.56
-41.17
24.05
17.3
19.45
68.35
43.54
27.83
-0.25
-8.85
-4.08
7.11
-4.52
15.5
66.39
21.05
-9.86
47.44
3.21
-9.73
-29.46
-32.65
-57.28
-54.09
-9.71
-6.72
-77.06
-21.83
-23.43
-60.41
-64.41
7.68
14.76
-69.06
20.74
-7.47
36.08
42.25
44.61
22.23
26.15
57.93
7.48
39.78
-7.15
74.7
73.24
-8.37
50.3
67.43
21.89
-17.06
-29.8
5.14
-25.05
-43.6
-5.05
-59.53
-7.43
-12.5
5.6
-12.88
-30.12
-42.15
-77.15
-72.55
-8.05
-84.33
-12.8
8.02
-20
-1.34
1.68
-40.14
-30.82
18.49
53.91
42.27
45.43
60.09
58.94
73.55
34.94
16.32
-5.3
73.84
0.93
18.35
-3.32
-27.93
-24.5
-34.42
-29.98
-41.94
10.13
-38.1
-62.07
-27.88
-39.6
-71.17
-79.99
-37.52
-81.33
-81.8
-55.37
-45.43
26.9
-47.84
37.31
19.32
-21.39
-23.02
32.15
10.15
53.9
45.47
39.07
17.65
19.39
20.87
37.17
12.62
47.48
-7.1
-2.24
19.31
-1.96
50.28
-13.41
-14.39
-52.04
-53.17
3.48
-68.58
-75.48
-70.08
-60.79
-85.88
8.81
-22.39
-21.94
-24.37
-70.57
-34.52
-33.28
-9.25
32.56
16.53
-14.45
-28.56
60.44
-8.43
31.01
-1.16
1.15
31.36
7.51
82.52
65.8
62.7
71.41
-29.99
-6.58
30.68
24.16
-21.6
-48.52
5.23
-9.76
-25.31
-64.65
-49.6
-44.7
-39.26
-68.59
-56.2
-73.99
-10.46
14.87
-14.39
-13.86
-55.32
0.89
12.2
-26.12
-27.9
6.66
72.72
71.61
69.07
-2.17
67.88
64.7
63.42
-5.54
46.95
54.71
-2.2
49.99
25.13
-18.75
-38.13
-0.04
5.97
-0.97
-20.26
-26.84
-13.41
-46.34
-88.5
-55.43
-75.54
-53.4
-72.81
-52.41
-38.92
27.15
4.32
35.78
48.53
43.24
66.03
-12.63
53.54
5.2
16.3
58.1
76.27
3.14
60.75
2.86
61.43
54.02
7.35
32.52
47.64
-39.31
-23.61
3.99
-34.19
-12
-47.56
-61.75
-66.09
-41.49
-36.53
-86.68
-62.86
-68.51
-21.72
4.83
18.83
-35.41
23.98
5.63
-45.42
-34.07
8.5
-2.9
-20.86
57.17
25.82
61.32
-8.9
30.06
41.6
38.24
17.1
-9.41
8.58
40.96
-2.5
-32.32
43.66
-20.27
15.31
-19.6
-20.07
-1.99
-59.65
-23.71
-39.35
-19.31
-83.6
-45.21
-34.78
6.8
-17.44
-28.16
-38.51
-56.94
38.43
-43.66
39.21
36.48
45.42
-1.83
27
3.18
25.77
63.07
53
20.48
32.48
68.74
46.39
-7.67
-27.78
5.46
36.81
-21.95
-50.78
9.21
-1.54
-2.67
16.42
-38.73
-5.95
-41.01
-57.92
8.01
-84.18
-70.2
-48.39
-50.42
-6.73
-23.07
-52.19
-37.14
4.36
38.21
38.26
5.02
-4.1
34.4
51.22
31.71
15.4
51.34
-4.01
53.74
31.42
27.14
47.01
-36.62
-22.86
-9.28
-5.29
-64.38
-21.87
-29.33
-54.05
-21.41
-78.2
-37.88
-86.33
-73.18
-0.01
-56.01
13.74
-66.28
8.08
-38.33
36.05
-0.27
-17.31
-6.29
48.93
-12.02
11.61
4.74
1.28
59.68
26.75
49.51
4.94
32.35
66.06
35.08
31.19
-11.85
51.85
-48.01
-37.81
-11.78
-57.62
-60.2
-77.64
-56.12
-29.17
-5.64
-67.9
-61.01
0.83
-20.84
-15.37
-45.88
2.4
6.85
32.79
1.55
-14.32
16.11
64.83
59.15
11.69
42.15
53.11
49.94
76.7
68.86
-4.37
13.2
67.14
31.18
-9.24
-4.74
35.62
53.14
33.8
13.35
-21.07
-20.69
-40.17
-68.17
-83.29
9.92
-45.01
-58.58
4.39
5.08
-38.9
-7.14
-58.82
-11.85
8.77
31.27
11.14
48.86
55.9
28.92
-9.53
13.36
50.19
35.56
81.66
23.86
83.27
26.89
64.79
16.71
7.27
-13.76
-24.85
-38.55
30.14
28.52
-51.62
18.91
14.78
-1.27
-19.02
-62.7
-84.62
-0.45
-65.65
-45.74
-82
-64.34
-40.99
-41.96
1.33
-54.06
38.16
-2.65
6.56
-19.78
20.59
-6.87
50.37
70.02
77.02
7.69
-1.53
75.34
66.72
66.87
4.92
36.19
-11.76
-4.13
-23.35
-12.94
8.95
-59.16
-34.19
-32.92
-37.4
-58.27
4.75
-67.93
-60.82
6.22
9.24
-24.9
-56.66
14.75
-60.39
-38.86
-24.46
13.08
18.22
59.55
50.57
-8.03
63.64
37.47
39.68
12.83
71.56
-2.3
35.55
79.03
46.56
66.67
26.37
38.42
-11.91
36.71
-45.15
-55.88
10.48
0.05
-20.9
-51.24
-8.39
-40.74
-87.69
-68.04
-26.13
-17.95
12.78
-70.26
18.22
20.36
42.59
-5.83
53.06
5.4
36.24
-16.41
45.77
-9.8
81
29.76
49.36
55.32
83
16.67
66.11
64.57
54.77
7.54
42.53
10.55
5.74
26.16
1.09
-54.15
-1.38
-22.87
-77.67
-58.3
-23.31
-33.38
-57.44
-79.84
-24.29
-1.71
-1.16
-30.73
-3.19
10.49
-10.3
59.45
-9.63
8.72
25.7
51.84
-12.81
31.94
32.98
49.39
37.08
46.34
29.92
63.48
-27.55
19.64
22.8
38.31
42.19
13.38
10.18
-38.02
-35.46
-58.86
-84.6
-33.53
-21.4
-88.74
-32.11
-25.85
6.31
6.37
5.71
-60.83
33.96
-7.54
-23.45
-25.61
-4.03
25.13
5.37
27.06
84.7
18.04
82.97
77.6
33.8
-2.98
72.13
34.94
25.78
62.17
39.96
-9.77
25.01
-8.65
-37.18
-46.18
-59.28
-74.85
5.25
-73.15
-75.62
-65.66
-70.28
9.68
-47.48
15.71
12.39
-0.64
-14.15
-31.56
-45.19
-14.5
8.14
25.39
-3.8
61.03
-11.61
76.49
33.89
-3.01
53.3
45.57
13.12
6.43
0.27
36.82
50.12
-34.59
20.29
-26.8
33.72
-14.23
-67.21
-31.07
14.6
-70.57
-52.29
-7.71
-2.01
-2.7
1.77
-9.29
14.91
-25.06
24.83
-12.49
-21.8
-14.02
18.23
56.36
42.01
0.39
50.95
27.09
28.69
47.23
83.42
28.23
22.57
-10.03
67.05
63.33
48.15
34.86
49.9
-34.48
-44.64
-24.87
19.1
-57.61
-54.82
-36.62
-40.9
-64.27
-55.64
6.18
-7.65
-44.82
-14.14
9.87
-40.88
35.56
41.77
11.36
-27.05
-13.55
41.54
77.03
68.97
40.79
10.62
51.78
32.82
85.21
1.1
76.92
52.56
-22.64
1.33
-17.04
19.79
8.68
-46.81
-16.14
-2.88
-21.75
-28.96
-56.45
-33.47
-55.96
-43.97
-84.84
11.25
-4.29
-67.46
21.69
-61.05
-26.41
-43.03
-46.5
25.07
57.7
39.25
66.47
-17.02
79.34
4.04
21.13
60.29
26.37
-7.31
54.07
60.03
55.13
-4.56
-6.67
29.05
-48.43
-33.12
-61.06
7.42
-18.37
-39.32
15.86
-64.45
-34.21
-75
-6.59
-88.04
-29.54
-44.4
-31.42
-53.92
-23.93
-38.07
3.26
-2.71
-5.98
14.24
50.63
52.19
28.37
11.27
81.57
32.05
15.45
57.93
72.74
-1.6
2.69
7.31
53.86
-32.27
-14.75
-22.78
39.8
-59.21
-15.42
-76.28
-24.33
-40.39
-25.37
-32.06
-41.62
-38.3
-30.13
-22.29
-20.88
-4.15
-59.56
-7.63
24.97
42.66
-28.66
0.76
23.04
30.97
1.71
-8.95
85.76
86.82
72.32
25.62
86.09
34.49
70.77
-6.38
-5.55
50.35
8.38
34.99
17.83
-42.01
-59.37
-8.23
-2.66
-68.3
-82.46
-13.05
-9.86
-48.95
-34.99
-16.84
-59.46
9.13
-21.31
3.36
13.06
41.03
-0.86
55.74
-12.7
5.63
10.93
26.02
78.26
5.9
0.09
75.44
68.84
16.76
77.19
11
19.96
54.84
-25.41
-0.28
-52.37
-47.77
-21.29
-5.03
-22.2
3.64
-81.18
-36.42
-38.99
-14.03
3.85
-62.63
-52.4
15.25
26.31
-7.04
-47.18
0.42
44.26
54.09
37.44
-9.52
17.3
9.57
42.76
83.13
17.95
30.46
40.64
13.45
56.71
33.32
5.14
1.98
-34.32
40.29
-5.75
-52.34
-26.58
-66.95
4.45
-12.88
6.03
-4.32
-23.79
-45.72
-11.5
-1.83
7.32
-47.36
2.69
-23.88
26.39
-17.17
2.03
-39.78
36.79
41.77
15.45
-8.32
6.91
67.32
-6.32
49.17
60.7
25
26.17
65.16
23.57
21.31
1.76
56.77
22.63
34.85
-21.87
-39.95
-55.62
-38.97
-1.05
-10.86
-0.8
-62.94
-50.72
-66
-28.24
-80.15
-10.85
-32.75
-54.78
23.47
37.49
2.09
31.99
46.29
-1.9
27.09
67.33
-10.1
47.08
88.71
72.79
24.16
78.54
5.04
12.14
63.57
28.76
-11.1
-40.04
-15
37.12
-49.2
-22.99
16.18
-69.7
-35.63
-72.66
2.72
8.59
-43.1
-34.41
-15.98
-35.5
-50.45
-52.6
9.52
-52.29
-17.81
24.51
59.79
3.23
12.49
32.31
54.49
77.09
11.96
59.47
34.28
52.52
-8.67
-14.64
-8.76
28.7
12.89
-5.24
11.3
33.58
20.78
-34.95
-2.17
4.67
-58.21
-10.23
-51.53
-45.04
-6.4
-3.98
-32.77
-39.27
-42.31
-51.89
12.24
33.8
0.12
-39.29
48.05
-9.12
9.52
77.56
64.27
6.5
49.6
64.7
59.7
87.05
42.75
23.35
-9.83
-14.84
-31.77
-4.26
-0.32
-12.66
-14.59
-8.55
-41.82
9.16
-43.21
-47.66
-40.38
-74.45
-38.63
-80.56
-67.5
-47.77
22.39
-11.61
-54.85
0.56
-13.35
-3.48
31.8
1.62
52
19.61
-4.1
14.44
45.76
76.84
4.53
20.95
78.33
32.14
-2.65
-11.12
64.73
17.38
-23.99
2.92
21.49
-50.8
-11.52
-77.56
-51.75
-11.97
2.56
-16.42
-29.88
-66.05
-38.09
-21.3
3.12
-67.15
-11.26
0.58
-17.36
16.53
32.82
38.58
-25.31
10.01
-2.88
-9.81
84.7
42.79
19.64
29.85
62.63
77.74
75.67
-13.42
59.75
11.11
32.07
-42.21
-23.49
-12.22
1.6
18.61
-25.22
-43.54
-10.54
-0.05
-10.17
-68.58
-5.89
-80.51
-75.98
-2.44
-8.24
-19.89
-40.79
-23.99
54.69
-1.62
28.04
-12.38
26.35
71.67
34.91
86.62
55.11
75.08
1.5
1.75
1.24
54.65
-8.8
-15.66
22.7
-39.99
39.04
-32.38
-51.35
-10.86
-45.61
-67.46
-25.1
-75.56
-15.49
-77.17
-1.41
-36.96
-63.22
-10.28
-0.72
20.9
-40.26
-0.47
52.38
38.46
-17.43
-23.88
65.02
15.51
80.51
30.77
58.53
81.48
73
-0.92
26.09
28.66
-5.58
49.72
11.46
22.16
41.36
-54.84
-46.6
-52.55
2.71
-56.68
-46.24
-25.67
4.46
-4.17
-39.34
-4.87
0.38
-8.66
-9.84
-8.01
18.71
-7.63
-7.52
58.18
58.99
50.38
-7.5
54.03
43.67
4.7
24.9
28.75
84.63
78.53
43.23
23.97
63.88
9.06
-31.55
28.22
-40.33
-56.79
-28.17
-0.62
-64.67