48.19
-5.82
82.62
73.32
65.92
-5.82
26.32
43.41
52.43
80
44.47
38.48
79.32
-2.73
2.23
66.21
62.68
-5.52
53.47
34.49
8.94
16.5
-18.2
67.12
18.05
4.31
-30.93
-22.35
5.86
13.24
43.23
7.13
-15.53
16.4
16.85
45.05
-0.97
30.79
-54.86
31.22
4.91
-33.81
-19.87
-55.07
-41.72
4.46
-14.52
25.66
-4.92
-76.62
-34.56
-6.07
2.94
-61.37
-34.04
-55.5
12.98
-53.57
-59.11
-7.77
-51.66
-87.41
-31.5
-65.25
-77.84
3.46
-52.97
3.49
-0.83
-79.71
4.07
-25.84
-33.85
3.6
-35.26
-11.25
-68.85
-2.34
-78.22
8.98
-79.35
-31.54
-14.05
18.01
-60.96
-49.58
-14.78
-3
-12.88
-47.83
-41.69
15.73
25.68
-29.3
23.63
-29.81
-54.55
2.56
35.55
23.9
-14.43
49.23
8.71
39.12
29.08
-4.15
5.42
59.27
3.49
-23.82
-7.58
5.86
-13.76
68.35
23.67
19.54
39.31
18.14
77.33
20.63
45.23
76.02
1.27
70.82
-6.89
64.18
18.88
-3.76
-4.44
5.14
61
-6.54
35.11
82.82
4.83
46.61
1.19
15.61
67.95
9.76
61.87
11.96
76.6
-7.55
-11.77
-5.73
33
11.26
62.76
59.22
58.39
-11.48
-13.42
55.6
-24.02
23.34
63.44
9.75
39.39
-29.86
61.04
31.53
-35.36
-11.22
17.29
-39.5
12.08
-23.98
-52.32
-16.45
-4.08
-57.36
23.44
32.01
-62.11
-46.11
-38.06
-13.47
11.1
8.24
15.64
-32.11
-19.17
-32.73
-27.69
9.05
-67.45
1.23
-59.74
-1.94
-30.61
3.68
-52.23
-82.19
-63.4
-2.75
-68.28
7.93
-20.26
-29.63
-7.63
-75.44
-77.75
-63.14
-12.95
2.18
2.5
-82.36
-61.69
12.41
-45.37
3.86
8.84
7.87
-44.75
-53.38
-43.86
7.59
-15.48
-0.55
-41.27
-4.48
4.6
-19.9
-0.82
-53.58
-52.74
24.19
-27.4
-37.11
-7.26
-2.18
-3.36
-44.07
-0.59
43.91
-1.22
-41.88
37.6
10.19
-3.76
52.35
1.1
34.97
-28.41
31.3
23.36
-16.54
45.27
45.04
16.2
1.38
5.07
60.36
34.37
54.8
27.53
85.81
14.65
31.95
4.51
28.84
7.04
6.86
69.79
49.16
28.87
3.76
82.12
-8.29
69.81
7.1
72.39
81.46
82.81
37.64
24.06
56.78
-9.33
81.53
38.94
8.83
-11.87
15.88
22.04
37.36
-16.01
59.63
7.62
31.84
2.61
-15.52
-28.56
1.04
11
17.69
10.2
18.34
21.25
-15.2
13.72
-44.08
-11.33
1.43
17.13
26.34
-54.1
-32.33
23.68
-52.19
-45.19
-1.17
-9.33
-28.51
-47.16
-35.23
-55.41
-63.03
-33.13
-53.12
-47.21
-16.51
-49
-67.93
-51.68
-47.22
-66.68
-25.54
-43.82
-65.28
-54.65
-25.51
-5.98
-76.14
-52.75
-47.75
-0.28
3.49
7.45
-49.13
-27.92
-9.1
-28.59
-64.27
-30.71
5.81
-67.55
-65.65
-21.99
-46.59
-17.81
15.34
2.32
25.72
9.75
11.97
27.57
-62.58
-49.11
24.61
-51.96
4.85
17.36
-40.06
30.77
-45.75
-11.98
42.17
15.67
28.47
54.63
3.99
25.21
41.55
38.47
61.09
33.58
-11.13
-3.56
61.84
-5.67
7.1
-22.14
76.2
21
-1.2
69.16
82.57
47.85
75.91
-13.92
-10.12
26.3
-11.09
83.13
87.78
16.68
81.81
77.14
22.66
31.1
28.16
21.69
35.5
52.61
77.24
10.29
7.67
72.42
55.53
24.93
15.31
-2.8
76.2
70.75
5.46
2.61
57.03
18.42
61.7
54.87
31.88
57.28
32.99
50.41
53.3
23.63
-17.94
-2.36
-13.02
29.75
40.48
-7.69
20.23
10.48
16.09
3.06
-14.36
-54.26
-57.71
-43.39
-56.41
-61.04
-12.14
22.92
-11.18
1.41
11.79
-9.14
-68.26
-9.53
-14.72
-78.37
-73.65
-61.11
-0.79
-62.25
-56.55
-39.1
-6.04
-14.79
-6.78
-24.91
-89.03
-37.63
-61.64
-20.19
-14.37
1.26
-25.71
-58.31
-75.01
-49.39
-50.53
-36.78
-19.8
-13.79
-37.6
14.35
-41.59
-60.9
-13.1
-75.89
-8.68
-17.98
-54.41
-74.21
-44.8
-71.15
6.43
-65.49
-2.94
-59.29
-44.51
-10.04
-56.45
28.53
22.86
-5.75
17.64
37.13
-45.29
-33.31
3.49
54.07
8.05
35.96
30.56
6.49
52.53
21.63
50.45
55.44
38.8
44.39
2.26
50.53
29.41
-5.08
58.39
55.71
9.16
52.09
25.83
64.88
83.27
78.47
17.17
85.16
-8.1
16.28
19.91
77.9
48.12
16.18
40.68
38.87
9.22
17.09
24.36
36.13
54.22
49.46
28.91
82.36
6.13
38.16
33.86
36.82
36.92
-17.77
28.94
1.26
-9.8
64.45
-5.26
31.11
0.83
31.21
60.28
52.58
35.01
-35.6
-22.46
25.47
16.69
50.63
-15.62
41.24
-50.66
-3.65
-37.43
-29.6
-38.95
-38.13
1.32
24.13
-4.13
23.51
-39.77
-29.39
18.1
-54.68
-42.2
11.19
-33.23
-77.3
-71.65
-65.76
-24.74
-48.57
-48.54
-12.95
-64.81
0.21
-1.56
-71.2
-53.92
-69.25
-14.61
-81.14
-11.86
-77.79
-51.73
-35.72
-59.63
6.25
-21.18
-57.71
-68.13
-6.01
-71.76
-71.78
-59.33
-74.45
-50.6
16.91
-34.04
0.55
-43.82
-68.71
-17.52
-60.45
-38.74
-28.68
-19.27
-3.3
-45.59
-50.74
8.43
-33.87
10.25
-42.47
21.44
-11.9
-37.12
12.74
2.87
24.53
-15.04
-36.03
52.92
-25.62
58.48
-20.8
25.61
-18.2
3.03
11.87
-6.95
55.5
11.54
-4.35
42.98
82.13
1.8
48.66
-6.54
15.5
28.71
38.1
60.51
50.56
53.06
83.44
54.71
26.02
24.77
13.46
35.05
74.94
51.81
26.03
53.45
-3.52
62.25
69.47
70.9
55.6
5.64
44.2
42.99
27.6
9.26
44.1
54.86
-5.52
1.1
6.7
33.8
21.45
7.78
42.49
6.9
-10.89
58.31
31.46
-35.29
1.34
13.58
24.09
-32.94
-47.31
31.71
21.19
-42.79
-20.76
30.96
34.02
-9.75
-65.57
-24.9
22.29
-53.68
-68.45
-42.26
-17.35
-76.02
-26.75
-4.83
8.39
-5.35
-55.91
-2.07
-19.91
-17.62
-34.51
-37.58
-46.79
5.84
-23.57
3.82
-32.36
-50.96
-87.73
-64.07
-31.31
-55.13
-21.31
-34.43
-82.96
10.26
-56.42
-21.76
5.81
-46.11
-43.46
-32.62
4.07
5.53
-7.07
-67.29
23.95
-63.31
-71.87
16.49
-11.44
-18.07
27.73
-63.19
-10.97
-59.13
-53.04
-25.11
-23.64
-7.18
43.97
-5.62
-2.84
-3.26
-29.64
24.85
14.52
18.47
-30.58
59.97
-22.12
67.26
27.18
-1.81
-0.54
20.01
64.21
-7.13
35.18
76.67
20.86
42.44
81.69
19.52
-5.23
67.09
62.96
85.1
60.57
82.57
30.04
52.83
29.72
72.99
59.51
72.5
59.06
79.9
-9.05
50.72
-6.58
5.09
0.66
46.36
81.35
28.97
21.25
75.44
77.4
28.69
5.5
49.46
38.92
56.56
-3.76
2.86
56.86
-25.9
-25.96
-28.61
-14.17
-25.28
42.92
34.91
-7.36
-18.88
35.53
8.79
15.45
-41.82
-48.47
34.94
-4.08
11.39
24.71
-23.87
-53.67
-58.83
-8.85
-7.77
-7.54
-27.45
-45.27
-54.99
-59.64
-75.64
-34.96
5.6
-82.55
-64.17
-66.35
6.56
-0.66
-44.75
3.87
-54.37
-69.29
-58.01
-1.4
-9.46
-8.73
-44.36
-26.72
-27.61
-29.94
2.72
-86.41
-22.12
-19.17
-84.26
-4.49
-34.67
-69.17
-72.44
16.48
-10.47
19.5
-67.2
-55.17
-20.09
25.1
-54.76
-26.82
19.82
-49.08
4.51
3.25
-15.64
-47.71
-57.84
-29.15
-12.08
2.51
-43.04
9.1
42.87
-33.32
-10.74
-29.72
-0.64
15.03
-23.86
-14.88
-27.83
25.72
9.85
16.63
-11.32
-2.18
31.83
65.25
46.07
63.46
65.2
13.42
48.11
9.44
46.56
60.06
24.28
-8.68
30.41
38.9
61.7
57.28
34.28
30.93
3.61
-2.88
-8.54
46.87
9.86
71.65
48.77
75.95
34.5
64.09
77.1
78.92
9.1
34.82
14.44
62.23
54.78
-17.31
41.09
67.42
5.03
27.77
64.96
52.37
-11.24
-29.59
0.96
37.11
56.26
40.16
8.1
45.12
-32.72
-5.02
32.43
-26.93
-48.79
40.87
27.65
-20.68
-29.55
-12.39
-35.66
29.95
-60.72
-45.96
-20.59
-56.69
-71.64
-64.34
-34.62
-4.21
-52.12
9
-50.57
-57.55
-66.06
-27.34
-42.62
-22.68
-77.17
-76.37
-65.66
-11.69
-55.1
-45.52
3.35
-89.91
-46.93
-31.08
-49.73
-36.12
-15.23
-74.22
-1.91
2.96
-81.25
-1.99
-56.79
6.69
-69.26
-22.1
-71.16
-9.12
-9.87
-19.81
-30.26
8.33
-3.98
-61.23
-46.08
-20.39
-52.71
-33.38
-5.85
-52.09
24.41
-30.39
40.63
-0.59
-35.41
32.43
-40.42
-15.38
-24.2
-21.16
-11.37
52.18
-2.12
-19.39
54.18
37.76
-6.13
57.38
20.03
64.96
4.47
11.74
-13.33
34.39
-9.16
15.75
42.37
9.87
85.31
48.88
80.56
46.51
35.13
19.59
-8.77
60.22
19.73
69.15
85.14
89.75
2.08
7.22
86.61
13.41
11.13
47.91
35.61
10.19
2.89
28.51
-0.88
-7.68
72.91
3.2
27.39
-2.23
64.3
-11.67
-20.33
44.33
-21.7
28.03
60.41
45.22
51.58
41.36
-4.86
54.14
37.2
19.24
3.31
-45.86
27.24
25.87
-30.09
-26.17
39.82
-25.88
-51.9
-23.54
23.63
-53.93
-16.67
-49.51
-1.07
-19.36
-9.12
-9.6
-71.09
-71.9
-8.35
-46.34
-29.5
-22.31
-80.21
-40.51
-77.89
-20.51
-0.92
-75.64
-83.12
1.03
-78.15
-60.3
3.35
-13.56
7.43
-4.6
-78.24
3
-72.76
-26.81
7.05
4.41
-59.06
9.32
4.5
-65.41
-34.49
-12.4
-11.8
-75.43
-59.69
-27.56
-28.42
-60.53
26.2
-1.67
26.71
-63.88
-42.7
0.16
26.4
27.02
-31.51
-30.53
19.58
32.87
-37.16
26.63
10.15
-6.6
-39.71
-25.52
58.06
-3.67
14.21
40.77
7.46
4.95
5.53
-24.19
50.79
23.91
-18.17
65.13
-10.35
-2.07
4.24
-13.41
12.67
-4.85
30.96
58.28
24.74
67.95
6.96
27.73
81.25
59.73
19.02
15.74
30.53
28.68
-7.51
66.36
-2.69
79.24
46.67
85.77
24.04
-10.51
50.53
45.52
-3.71
21.81
40.28
21.54
5.24
64.2
40.6
72.06
28.34
48.49
4.32
-5.57
-10.69
46.14
23.57
-18.46
-27.66
-16.95
25.81
-31
-10.86
16.87
-36.6
28.07
25.05
30.96
-40.65
8.27
-54.37
-31.4
-58.86
-48.61
-6
-62.1
-4.38
-42.01
-46.93
14.65
8.37
-3.3
-72.88
-3.39
-55.33
-9.38
-31.33
-27.75
-10.99
-48.93
-62.02
-12.28
-88.84
-26.4
-86.11
-84.4
-7.87
-81.3
-13.76
-59.11
-41.65
9.73
-69.99
2.15
8.05
-75.72
-19.24
-57.47
13.51
-67.29
-78.74
-40.31
-44.82
-10.88
18.72
2.68
-53.46
23.37
-10.6
-2.66
-21.06
9.85
-42.89
6.29
-25.94
-37.61
-5.52
38.01
-28.52
44.02
-24.25
43.37
-35.09
-25.68
51.92
22.07
14.66
50.59
3.49
4.77
-21.14
-16.04
59.04
47.02
51.44
57.14
-3.57
29.03
32.77
0.88
24.57
19.44
-10.4
56.74
24.85
14.64
38.73
76.56
14.52
13.24
44.8
50.74
53.91
22.66
72.49
41.42
47.13
85.9
58.27
23.31
62.26
84
65.69
7.85
81.9
79.58
11.39
79.17
11.49
-5.42
73.09
-14.16
52.37
21.79
22.96
66.72
59.72
31.93
19.66
-10.57
13.77
-2.49
47.71
22.39
51.96
19.22
-20.14
-1.01
-1.05
-20.6
-35.44
27.34
-2.92
-25.54
31.96
4.18
27.06
-45.86
7.97
20.36
-23.61
1.25
-60.13
-78.88
-56.32
-45.73
-16.56
-68.73
-27.19
-66.6
-14.77
-20.55
-33.47
-2.73
-37.83
-65.3
-65.55
-83.37
5.46
-80.36
-16.96
-69.44
7.14
2.53
5.4
-77.44
-74.76
-43.73
-61.6
-35.45
3.4
-56.72
-8.96
-4.6
-5.08
-2.3
-4.4
18.36
-26.7
8.03
-52.91
-33.43
-6.03
8.73
-44.21
32.17
6.15
-13.25
34.19
-30.5
26.2
-39.41
16.86
20.34
-37.31
-40.73
-36.14
-30.08
-33.79
40.86
4.91
16.3
48.73
14
68.04
56.15
-16.55
-1.56
68.31
53.27
29.04
25.8
52.03
-2.09
70.09
-11.13
71.95
64.19
17.88
36.38
2.27
-5.59
22.87
30.85
57.54
1.77
23.46
26.89
12.76
40.19
56.1
60.35
73.18
87.35
21.28
8.68
58.13
29.1
14.65
77.75
49.45
15.2
16.13
-13.1
13.61
11.04
49.12
31.08
30.46
24.23
47.88
21.18
0.73
40.89
41.72
-21.6
36.54
32.31
-15.03
48.73
46.68
0.53
27.66
-33.05
3.08
-42.17
-48.74
2.01
-64.36
27.1
-8.85
-7.05
-55.17
5.11
-53.22
-67.06
-29.28
-61.59
11.67
4.24
-71.18
-78.67
-43.97
-8.17
-62.58
-32.39
-17.57
-54.34
-8.14
-36.54
-17.48
-14.15
-43.27
-77.51
-46.09
-32.5
5.58
-11.44
-14.88
-72.09
-75.95
-64.77
12.95
-61.34
-54.73
-25.12
2.89
-42.28
-34.18
-58.66
-3.29
15.45
-50.08
15.59
14.53
12.85
-61.56
-64.74
-28.13
-11.42
-31.64
-29.13
-13.43
-10.8
42.12
-18.51
-20.71
-37.09
27.49
-25.32
-4.85
36.68
60.61
-23.39
17.08
43.82
58.97
26.52
14.53
58.86
50.39
-20.2
-9.84
67.43
-17.33
43.24
7.21
33.68
54.25
-6.22
23.64
47.98
52.99
88.26
16.59
20.9
4.34
88.67
76.31
77.4
-9.13
57.11
6.28
60.57
8.47
53.33
-4.47
45.07
38.64
59.25
58.48
50.89
-0.82
39.97
-15.11
17.47
61.87
-15.13
1.43
71.08
65.56
-0.13
-29.88
28.79
18.64
-9.16
57.18
-32.01
-28.36
-29.79
-6.01
30.85
-27.46
2.63
-24.01
-0.89
-50.86
-17.43
25.28
-36
7.27
-56.92
22.41
-53.31
-31.83
-69.78
6.24
7.46
-21.34
-71.73
-52.01
-8.31
0.34
-9.42
-9.04
-55.17
-44.38
-64.26
-86.17
-79.05
-6.42
-58.7
-55.63
-57.71
-88.52
-67.64
-4.99
-62.32
-4.83
8.7
-36.49
-38.93
-15.08
-20.86
-48.22
-64.38
-18.42
-54.81
-62.85
-16.77
-11.07
-8.39
-9.14
-74
-5.75
14.36
-2.63
-51.6
10.33
3.16
-19.81
17.03
30.75
11.4
-44.94
13.47
26.67
-29.34
11.49
-4.99
15.92
-33.56
51.24
30.07
33.54
-30.01
15.99
4.15
6.01
51.09
43.55
21.37
23.86
-10.25
23.9
67.25
-13.88
38.64
-1.46
13.26
45.02
53.75
36.23
56.04
6.44
66.82
19.02
46.71
38.39
73.06
19
16.14
69.09
37.55
55.1
10.79
58.76
14.78
56.43
19.25
50.94
1.37
60.72
69
-9.37
55.15
12.71
80.52
59.46
12.62
-1.51
44.34
-24.55
66.92
21.37
-2.42
-10.52
14.08
-14.57
54.32
6.91
5.9
-0.16
-41.28
9.65
22.15
-36.24
6.17
-0.92
24.58
4.81
-30.75
-48.16
29.31
9.66
2.04
-59.28
-50.65
-71.62
23.39
-36.16
-44.79
-39.56
15.86
-20.53
-4.3
-79.82
-2.23
-76.18
-20.14
-49.17
-82.86
-15.5
-83.36
-66.91
-74.99
-48.05
-68.09
-19.67
-25.34
-32.68
-35.59
1.04
-22.88
-12.39
-34.88
-21.5
-61.28
13.14
-53.73
6.28
-15.69
-53.23
-38.99
-46.3
-16.27
2.78
-48.28
12.16
8.93
-23.9
27.45
27.71
-41.69
7.93
-38.66
-42.86
-40.64
20.7
-2.99
0.01
-25.58
-45.65
-8.61
17.93
10.3
10.39
-30.91
-1.91
47.58
63.54
-14.5
41.76
-20.54
-28.71
3.98
53.6
61.02
21.41
10.46
-19.08
64.15
33.11
15.69
1.75
29.9
64.25
31.19
-5.74
19.83
75.4
30.32
52.87
72.55
75.25
41.81
51.79
48.05
37.29
31.64
85.12
86.23
78.19
84.55
32.75
-13.04
62.11
13.53
37.68
30.14
-1.64
-7.31
71.13
6.89
9.41
53.34
17.3
31.96
5.07
23.89
36.45
-34.14
-34.79
8.21
-40.21
18.3
-17.05
42.92
10.91
-4.04
28.5
-10.41
39.98
8.64
1.47
-24.83
-32.65
-63.32
5.71
-18.31
0.69
1.93
2.51
-36
-8.22
-61.78
-52.41
-7.51
-71.43
5.34
6.85
-68.78
-7.14
-75.49
-64.59
-44.94
-2.29
-67.12
-48.33
-39.66
-74.1
-39.21
-63.37
-46.41
-18.22
-59.12
-31.57
-27.79
-3.46
-65.33
-5.56
-75.39
-22.46
-30.08
-2.21
-15.51
-64.36
-45.65
16.49
-59.63
-24.35
-74.02
-12.99
-7.22
-54.17
-52.99
-56.21
-47.68
-49.91
10.84
21.23
-53.51
21.34
-40.99
13.65
-19.9
-1.32
1.99
-42.47
34.91
2.25
1.98
-23.48
6.97
-25.09
-20.3
62.13
43.22
8.3
22.18
14.59
41.92
30.63
77.87
12.08
69.48
-7.6
15.52
2.78
-1.09
-7.32
79.33
27.06
-8.31
24.34
55.87
5.59
66.75
27.78
54.19
40.14
73.79
20.08
44.07
33.66
34.51
38.53
23.26
28.71
78.93
-7.75
27.85
-1.66
70.79
0.98
45.92
68.85
50.97
41.26
-24.23
-21.53
69.63
-2.38
15.87
-19.46
62.3
-16.8
13.2
13.65
-28.3
-38.16
9.08
-37.01
46.19
3
21.38
-41.79
-55.9
-39.14
11.41
-36.08
-29.71
-30.42
-34
10.33
-30.28
-14.92
4.94
-59.48
11.49
-70.16
10.84
-44.71
-6.78
-83.85
-50.52
-46.93
-7.65
3.35
-54.69
-8.76
-35.15
-37.89
-22.47
-46.81
0.77
6.8
1.5
-30.17
-16.48
-5.42
-64.13
-42.98
0.93
-23.5
-40.02
-7.05
-6.42
-67.98
-78.69
-41.77
-9.37
-65.97
-0.08
-28.74
-56.94
-8.43
-27.74
5.3
10.34
-13.04
-11.07
-23.08
-37.83
-39.97
31.6
-28.09
-16.78
-8.4
42.1
-8.12
-34.32
25.11
45.02
-27.5
43.64
-3.59
21.61
-28.84
20.33
52.2
-17.16
-23.91
72.27
43.85
-8.39
29.29
55.06
60.54
6.41
24.65
12.15
12.95
61.78
10.79
76.39
56.46
-5.11
30.29
23.66
-2.69
52.64
8.05
41.1
74.28
46.98
83.11
0.79
62.88
55.24
50.13
55.03
-0.36
5.79
-11.61
57.7
37.1
74.5
-0.22
36.41
58.95
74.9
72.23
27.66
-3.69
-26.24
-14.55
-18.62
-13.97
-18.99
54.09
-33.03
-32.17
23.84
37.12
-45.29
-0.57
21.93
2.68
26.55
17.59
-11.13
-7.15
-23.75
-3.16
-22.07
18.71
-25.49
1.06
25.86
12.93
5.23
-9.79
-38.01
-18.45
-72.34
-50.21
-47.97
0.19
9.99
-79.06
-62.99
-30.62
-25.47
7.8
-31.5
-64.8
-65.08
-43.23
-51.27
-44.57
-83.8
-8.99
-30.22
-63.52
-82.23
-36.03
-78.7
-12.34
-11.01
-38.55
-49.02
-79.79
-38.28
-15.23
-6.99
-72.57
-76.27
15.13
-67.83
24.82
6.07
-65.82
0.32
30.34
-42
-20.78
-20.21
-27.87
26.22
12.31
9.99
-18.91
22.78
-2.68
-28.25
-9.1
37.6
26.57
-14.95
40.84
41.3
10.59
-7.33
32.03
53.24
59.13
53.21
62.65
-6.08
-5.69
58.18
40.31
-4.51
65.2
7.15
71.29
31.24
30.09
51.47
20.62
53.55
-9.06
4.04
69.36
-1.43
50.99
8.07
52.23
35.06
28.33
2.08
-10.4
62.79
22.53
5.65
57.25
7.33
7.52
5.55
10.43
15.05
-1.92
26.06
15.1
24.93
-8.2
33.42
50.7
-12.39
43.63
57.39
-9.68
-1.74
45.78
42.64
24.44
4.02
-36.52
-45.4
-38.23
-42.11
20.12
-49.23
-8.22
-54.63
-10.3
-15.49
-47.6
25.26
-3.32
-18.39
-23.52
16.45
-37.62
-33.58
-52.5
-8.66
-30.58
-60.74
-34.98
-61.56
-26.45
6.87
-60.71
-79.05
-22.32
-34.01
-85.63
-84.29
-19.42
-27.26
-22.67
-59.3
-44.25
7.86
-45.27
-57.58
-23.09
-12.14
-82.95
-29.61
-13.58
-84.3
-66.92
-49.76
-27.03
-28.26
-34.92
-9.19
13.94
-23.42
-12.68
20.93
27.23
5.13
-14.77
-26.25
-35.5
6.69
1.5
-49.42
-47.67
13.3
1.5
-22.16
-2.97
-43.81
15.75
-18.66
44.61
5.18
58.87
-8.92
-4.69
27.27
47.32
-4.82
-13.76
72.78
65.16
16.62
-4.18
31.19
38.47
41.54
3.35
-14.25
68.19
46.92
30.07
32.64
26.79
45.44
16.18
60.77
52.52
36.02
0.04
86.75
41.66
73.25
60.2
29.95
79.23
49.55
-6.84
23.84
79.07
51.67
-8.16
15.65
53.83
45.43
78.5
5.23
36.45
40.79
20.5
13.49
45.46
13.41
66.19
22.39
37.89
61.91
-14.96
29.99
-21.53
-7.73
6.94
7.47
22
-31.39
-38.06
-14.28
-36.42
-17.59
38.71
-58.4
-59.28
10.39
-10.73
-2
-16.87
-58.65
-52.13
-13.71
-27.12
-73.88
-40.58
-33.41
-46.64
-56.56
9.08
1.82
-4.72
-53.81
-6.14
-12.31
1.52
-33.23
-34.16
-86.06
-82.62
-53.34
-62.49
-56.21
-62.79
-88.09
-14.48
-77.14
-86.15
-78.2
-64.29
-4.92
-27.77
9.78
-57.55
-42.02
-45.13
-59.23
-2.97
-38.98
1.38
-33.7
-18.61
7.84
-10.73
-15.05
4.1
-63.32
-30.36
-2.58
-56.93
23.06
37.61
22.2
9.12
24.18
49.56
-25.83
17.69
40.73
9.69
-32.44
-27.61
11.23
56.28
61.87
61.52
-5.83
-25.93
-17.19
60.67
62.87
0.55
-8.63
58.1
-7.72
51.48
82.45
43.52
22.13
24.87
-5.63
1.93
21.76
74.02
80.11
52.84
85.18
57.54
86.97
19.13
11.73
80.45
49.37
6.12
83.85
48.85
41.3
20.35
70.69
1.99
80.34
9.8
18.95
15.3
72.26
60.23
61.47
2.47
-25.64
-14.04
15.83
25.11
12.29
0.11
-28.59
-23.85
-36.29
-28.16
13.44
14.51
0.05
-49.59
-30.61
-20.97
10.25
-2.24
32.18
-11.22
16.08
-34.29
-29.85
7.83
-36.68
5.16
-58.27
-53
-51.8
-8.6
-72.85
-14.4
-67.51
1.85
3.52
3.49
-15.04
-6.48
-41.64
-18.3
-74.52
-69.88
-80.33
-11.6
-0.61
-74.21
-47.58
-63.63
-18.2
-32.43
-34.44
6
-25.77
-9.04
-3.89
4.67
-3.3
-1.53
-81.3
4.81
-64.57
-36.31
-37.19
-68.44
16.1
-26.89
-66.65
6.92
-21.4
-22.36
-59.65
3.7
-43.52
-23.95
6.82
22.01
-7.46
37.93
-13.19
23.38
-1.51
30.42
19.19
13.39
29.77
43.49
33.58
5.7
-27.03
48.51
38.73
7.72
65.19
48.61
75
72.29
9.47
78.11
4.44
7.67
72.28
1.02
3.6
65.48
47.06
43.9
23.56
42.89
67.06
34.33
27.28
64.71
-4.82
11.76
-5.91
50.46
82.5
5.51
84.16
0.38
76.41
80.57
75.18
41.58
21.2
24.98
59.6
67.75
38.31
6.73
13.21
45.57
6.6
22.8
-20.37
67.48
58.78
65.78
25.65
41.51
-5.68
51.8
16.12
-3.16
1.01
30.25
-20.79
13.43
-14.3
0.69
-40.75
-21.71
-57.97
13.55
-64.65
13.54
-60.36
-36.57
23.07
-36.42
12.13
12.97
-25.22
-65.79
-71.49
7.26
-51.34
-77.43
-24.15
-51.32
1.29
-23.99
-58.53
9.62
-78.73
2.8
-62.8
-88.79
-54.59
-24.83
-66.86
-83.38
-3.36
-50.7
-54.06
-3.61
-53.54
-64.1
-66.47
-78.76
-45.21
-43
-44.84
-62.07
-43.64
3.1
-8.17
-13.63
10.3
8.7
20.18
27.06
21.96
-43.63
-4.2
-32.98
-48.28
-48.27
-49.07
30.37
15.53
-34.78
22.2
44.19
-34.44
27.28
-35.8
45.39
-30.53
59.94
33.82
37.29
61.81
-10.09
69.34
54.59
48.74
38.84
17.38
-12.13
59.39
27.78
30.25
-10.81
63.18
70.03
51.12
35.59
16.09
87.57
72.16
63.14
66.18
29.33
7.77
82.47
47.95
12.36
89.15
-9.04
63.17
62.49
68.57
67
1.65
32.62
60.8
66.66
34.9
0.17
17.31
-19.04
69.95
-12.1
73.95
10.45
17.97
29.11
-15.86
15.65
47.72
4.35
18.75
47.47
49.85
-32.33
-15.5
-17.95
12.84
19.54
12.55
35.54
-24.07
-52.44
4.16
-10.84
-16.42
25.49
-5.42
-26.21
-58.26
-69.63
-66.39
-55.48
-66.21
-44.13
9.82
-31.53
-57.71
4.9
-33.62
-40.7
-54.57
-52.11
-71.5
-63.67
-15.4
-9.38
-77.68
-21.48
-23.2
-61.39
-67.68
1.12
3.99
-84.81
-0.6
-34.88
2.35
2.14
-1.74
-30.03
-31.47
-4.33
-58.55
-28.99
-77.55
3.88
3.25
-76.27
-14.26
7.34
-32.62
-65.07
-70.5
-27.62
-49.46
-59.43
-12.28
-58.35
1.76
4.13
28.92
16.22
3.74
-4.63
-37.15
-31.26
33.34
-43.95
25.51
43.34
11.51
25.74
23.9
-23.05
-18.92
25.35
56.07
40.26
39.94
51.96
49.13
63.11
24.96
7.94
-10.98
71.92
3.76
26.78
11.43
-6.28
4.4
1.92
13.77
8.98
67.8
25.66
7
45.53
37.08
7.59
-0.39
41.63
-3.88
-7.29
15.03
19.82
86.09
4.53
82.31
56.57
7.92
-1.58
45.94
16.73
53.9
39.66
28.37
3.08
2.05
1.89
17.7
-6.23
30.28
-21.69
-13.4
12.27
-4.4
52.77
-5.89
-1.91
-34.9
-31.84
28.35
-40.98
-46.1
-39.96
-31.06
-57.69
34.3
-0.74
-5.2
-13.5
-66.41
-37.76
-44.43
-28.62
4.85
-19.41
-58.33
-79.88
2.38
-72.37
-37.8
-73.75
-73.98
-45.08
-68.96
7.26
-7.03
-6.6
6.63
-89.41
-59.95
-16.14
-15.83
-54.68
-74.8
-14.54
-23.56
-33.79
-68.63
-50.03
-42.6
-35.73
-64.73
-53.1
-72.71
-11.97
9.72
-23.91
-28.29
-75.04
-24.3
-18.44
-62
-68.58
-38.21
24.41
20.81
16.81
-54.75
16.16
15.07
17.08
-47.44
10.58
24.82
-24.79
35.36
18.93
-16.25
-26.87
19.84
34.12
34.89
22.59
22.12
40.64
11.66
-27.72
6.86
-12.94
8.28
-13.16
4.15
13.65
75
46.86
72.63
79.49
68.35
85.49
1.58
63.12
10.88
18.96
58.73
75.92
2.91
61.73
6.13
67.99
64.79
23.09
53.87
75.04
-5.58
16.5
50.35
18.06
45.61
14.7
4.28
2.68
28.9
34.28
-16.7
5.03
-3.94
38.35
59.35
66.84
5.28
56.76
30.04
-29.59
-26.84
7.32
-12.11
-37.5
33.84
-3.28
27.44
-46.42
-9.93
0.31
-3.15
-23.27
-47.72
-26.72
9.44
-29.6
-54.54
26.57
-32.17
8.44
-21.77
-18.06
3.49
-51.52
-13.9
-28.91
-9.34
-75.22
-39.53
-32.87
3.97
-25.87
-42.92
-60.16
-85.85
2.09
-87.42
-11.71
-21.18
-18.34
-70.91
-46.42
-73.5
-52.99
-16.52
-26.15
-56.95
-42.02
-1.65
-18.86
-66.86
-80.16
-39.53
-0.43
-51.27
-72.21
-4.57
-8.12
-2.67
22.22
-28.03
8.61
-23.67
-38.95
27.48
-65.32
-53
-33.81
-39.27
0.3
-20.64
-54.68
-44.66
-8.1
21.07
16.92
-19.84
-31.7
5.02
21.1
1.97
-12.78
25.86
-25.65
37
20.55
22.98
50.25
-25.47
-3.49
18.42
30.64
-20.49
29.44
28.72
9.88
47.41
-5.61
37.26
-9.88
3.3
75.24
16.82
83.05
-1.5
67.5
15.03
82.88
39.72
15.75
19.97
68.72
1.76
20.09
8.72
1.7
57.58
23.21
45.64
1.84
31.07
67.57
40.24
40.7
2.57
71.58
-22.81
-7.16
24.08
-16.94
-15.32
-29.34
-5.32
23.08
46.94
-16.18
-11.38
47.17
21.05
21
-15.99
24.99
21.48
38.99
-0.94
-25.59
-3.76
36.68
23.28
-31.16
-6.81
-0.93
-8.06
15.93
6.55
-66.97
-48.48
7.5
-25.38
-61.83
-52.59
-6.91
16.29
2.83
-11.74
-40.53
-34.92
-49.75
-73.85
-85.95
9.3
-44.65
-58.34
3.41
1.81
-45.46
-17.9
-74.57
-33.2
-18.63
-2.45
-28.96
2.5
3.63
-28.69
-71.8
-52.67
-18.58
-34.83
10.85
-46.11
15.38
-37.67
4.71
-37.8
-40.73
-54.46
-57.63
-62.97
14.3
21.29
-50.43
28.11
31.42
22.04
10.08
-28.83
-47.1
39.54
-24.36
-4.34
-41.62
-26.02
-5.67
-10.44
28.42
-31.84
55.25
9.24
13.42
-17.62
18.58
-12.36
42.24
60.21
66.58
-2.27
-9.92
69.66
64.8
69.7
13.35
50.95
9.88
24.77
12.99
30.81
59.89
-1.49
29.58
36.15
36.02
18.41
83.52
11.66
18.33
83.66
83.74
45.49
8.58
73.94
-8.01
6.13
12.78
42.4
39.65
73.34
57.16
-8.03
57.83
26.78
25.11
-4.5
52.58
-21.77
16.7
61.83
31.97
55.52
19.33
35.99
-9.42
44.24
-32.68
-38.74
31.82
24.92
6.69
-21.86
21.72
-11
-59.5
-42.56
-4.48
-1.2
23.64
-66.11
14.98
9.2
23.22
-33.54
17.11
-38.47
-15.07
-74.47
-18.16
-78.62
8.41
-45.38
-27.08
-21.15
7.74
-56.16
-3.19
-0.21
-4.64
-45.82
-4.29
-29.44
-27.33
-0.1
-18.69
-67.94
-9.86
-26.85
-78.1
-56.2
-19.77
-29.51
-54.34
-78.56
-25.8
-6.86
-10.68
-45.17
-22.91
-14.69
-40.94
23.58
-50.31
-36.15
-22.59
1.04
-65.08
-20.64
-18.73
-0.23
-9.25
4.44
-6.44
33.59
-50.14
5.01
16.6
40.81
53.45
33.26
38.33
-2.15
7.39
-9.89
-30.55
24.47
39.37
-26.43
30.47
35.83
65.96
62.94
58.29
-12.98
76.51
29.29
7.51
-0.51
15.42
39.35
14.95
32.74
87.36
18.67
82.62
77.37
34.79
0.28
78.69
45.7
41.52
83.52
67.36
23.95
65.13
37.7
15.07
11.43
2.99
-8.81
74.03
-2.74
-4.81
4.32
-2.38
74.25
12.6
70.23
60.4
40.06
18.62
-7.14
-29.35
-7.27
6.96
16.19
-20.44
37.71
-40.72
42.62
-3.62
-43.01
12.01
4.18
-27.25
-31.87
-35.03
5.3
23.02
-56.81
3.2
-38.71
26.86
-16.39
-65.2
-25.58
22.73
-60.76
-41.85
2.25
6.36
2.97
3.69
-12.11
6.48
-39.82
3.18
-41.4
-58.14
-57.78
-32.69
-1.3
-21.76
-68.68
-22.47
-49.59
-50.07
-32.37
4.26
-49.21
-51.92
-80.43
1.8
4.13
-4.22
-10.13
12.65
-63.8
-66.07
-38.66
12.51
-57.61
-49.02
-25.93
-26.34
-46.93
-36.67
25.66
11.2
-27.62
0.44
21.02
-33.83
38
39.28
3.84
-39.53
-30.69
20.21
52.16
41.37
11.4
-19.49
22.05
4.62
59.72
-20.54
60.18
41.69
-26.8
4.57
-5.89
39.16
36.39
-10.87
27.73
48.43
36.3
34.97
12.37
39.11
19.18
32.47
-8.36
86.51
68.54
1.84
86.47
-1.63
26.95
3.79
-6.5
58.15
83.98
59.04
80.26
-8.54
83.33
4.46
19.03
56.75
22.5
-10.4
52.79
61.54
60.28
4.95
7.75
48.78
-23.23
-2.47
-25.19
48.1
26.5
8.97
66.66
-12.18
18.36
-23.29
43.03
-41.7
12.35
-8.03
-1.52
-31.33
-9.3
-31.87
0.75
-13.97
-25.86
-13.9
14.76
9.32
-20.59
-42.77
23.55
-28.72
-46.85
-4.66
11.05
-61.24
-53.87
-45.26
6.01
-74.81
-51.6
-53.75
14.7
-78.67
-29.64
-85.86
-30.01
-43.06
-25.99
-31.7
-41.39
-39.28
-33.4
-28.86
-31.65
-19.9
-80.91
-35.04
-8.75
2.54
-75.02
-51.49
-34.58
-31.29
-64.32
-77.73
15.35
16
2.34
-42.26
21.52
-25.58
16.25
-54.39
-46.25
17.58
-16.02
19.15
10.6
-40.83
-50.16
8.4
20.65
-39.19
-48.59
24.46
30.13
-7.66
6.4
23.53
-21.14
44.45
10.2
30.46
35.28
58.11
11.03
62.6
-10.54
3.62
5.44
17.89
68.45
-4.53
-9.87
67.06
63.16
14.84
80.01
19.43
34.72
76.49
3.49
36.05
-8.61
3.15
36.36
58.73
46.87
77.07
-4.49
42.34
40.61
65.12
81.3
11.86
17.99
80.51
85.5
45.34
-2.18
37.66
73.57
75.52
51.23
-2.94
17.3
3.76
32.06
68.57
0.61
11.48
21.17
-5.4
39.51
18.74
-6
-5.05
-36.75
42.78
1.77
-39.86
-9.43
-45.62
29.32
14.71
35.41
25.79
5.94
-17.53
13.98
19.81
24.06
-36.49
6.84
-27.13
15.24
-36.54
-25.67
-75.73
-7.09
-9.54
-42.6
-72.26
-61.91
-5.26
-81.47
-27.27
-15.77
-50.25
-46.66
-4.14
-41.21
-38.1
-51.6
9.94
-17.36
1.77
-48.14
-59.73
-69.42
-47.45
-5.03
-11.28
1.29
-59.4
-46.85
-62.9
-26.96
-81.65
-16
-42.26
-69.22
3.74
12.29
-28.55
-3.87
5.62
-46.78
-21.2
16.53
-62.37
-5.5
37
23.16
-22.17
36.65
-31.32
-17.75
40.98
14.13
-17.3
-37.54
-3.73
57.01
-21.05
12.87
59.05
-20.73
18.41
-14.65
63.5
70.89
19.49
27.27
43.65
21.06
2.12
-4.75
52.06
-15.44
13.15
49.61
79.25
17.46
22.07
37.99
57.15
77.71
11.61
59.24
35.26
55.79
-2.11
-3.88
6.97
50.05
40.3
28.48
51.42
79.94
73.04
22.67
60.09
70.71
10.57
60.16
19.27
24.93
61.48
60.59
27.3
15.24
5.69
-11.19
45.02
58.22
15.95
-32.06
46.87
-18.32
-7.11
54.23
35.16
-27.36
12.08
24.7
18.41
45.65
2.37
-14.95
-45.15
-46.36
-58.86
-26.48
-17.41
-24.57
-21.46
-10.72
-39.81
14.64
-35.08
-37.85
-29.93
-64.47
-30.25
-74.88
-65.58
-50.59
13.96
-26.37
-76.49
-28.34
-49.7
-47.23
-19.12
-56.04
-11.76
-49.46
-77.53
-62.24
-33
-2.76
-74.62
-56.48
3.83
-38.25
-67.91
-70.31
12.35
-27.61
-61.24
-26.39
0.06
-64.59
-18.1
-77.56
-45.95
-1.28
17.13
0.91
-10.9
-46.58
-19.23
-4.1
17.71
-56
-4.21
3.01
-19.85
9
20.34
21.44
-46.65
-14.85
-30.48
-39.19
54.58
13.06
-8.54
4.37
40.99
61
64.81
-17.58
63
22.26
51.44
-14.5
12.44
31.66
52.92
76.67
38.72
25.28
62.04
75.08
66.27
7.89
69.36
-7.67
-6.66
62.34
51.17
33.47
6.04
16
87.77
24.64
47.82
1.41
34.82
75.65
35.34
84.52
51.57
71.21
-1.59
0.47
2.75
59.8
0.71
-1.22
42.42
-14.79
69.69
3.48
-10.67
34.01
2.68
-16.65
27.16
-22.97
36.22
-27.53
44.92
4.93
-26.84
19.6
21.86
35.53
-34.06
-2.98
41.11
18.57
-45.58
-59.76
22.16
-33.45
26.45
-27.23
-2.24
19.17
10.4
-62.61
-33.54
-27.9
-58.17
1.87
-31.07
-14.68
10.39
-79.95
-66.06
-66.77
-6.86
-62.36
-48.9
-26.3
4.82
-3.93
-40.32
-8.14
-6.17
-19.42
-25.58
-29.36
-8.68
-41.36
-47.63
11.82
6.73
-7.24
-69.77
-11.99
-25.1
-65.69
-45.9
-41.22
16.73
13.95
-16.85
-30.54
15.87
-31.63
-64.32
3.8
-56.17
-64.02
-26.99
8.57
-48.03