24.36
7.35
-20.65
-5.35
5.58
-8.85
18.39
-20.41
-18.2
11.63
23.06
-5.96
23.51
-21.31
17.87
-5.35
-7.1
-2.16
-24.47
9.99
-6.22
13.72
19.41
-21.86
-6.99
-13.89
11.62
16.49
-11.98
20.39
13.39
21.42
-14.54
-4.12
15.65
1.47
7.95
-20.15
22.3
20.12
-15.11
22.37
-2.36
19.45
23.47
-5.1
-1.95
-24.16
12.01
-9.63
13.14
-6
15.6
-6.13
-2.11
-9.26
22.94
6.19
-13.13
21.84
11.9
4.3
13.87
-20.87
11.27
6.09
4.59
1.46
0.46
20.22
-16.88
13.61
-3.41
0.82
-16.47
-12.28
21.45
21.77
-17.35
-15.52
16.99
17.54
-9.12
2.49
-17.94
2.11
-18.89
0.31
22.92
10.45
2.56
20.03
0.45
5.18
-22.17
-15.62
-24.96
-7.98
-12.76
6.03
-4.67
1.29
13.18
-23.25
1.41
-18.32
24.19
2.47
10.62
10.69
-12.65
2.65
21.32
-6.53
24.15
-11.48
-8.57
15.64
-6.14
12.09
-1.12
5.26
-5.95
20.05
1.83
-6.32
-2.77
-0.17